192,192,574,5,0,0:0:0:0:
320,192,987,1,2,0:0:0:0:
64,192,987,128,2,1401:0:0:0:0:
448,192,1401,128,4,2229:3:0:0:0:
192,192,1401,1,2,0:0:0:0:
64,192,1815,1,8,0:0:0:0:
192,192,2022,1,4,3:0:0:0:
320,192,2229,1,4,0:0:0:0:
192,192,2436,1,8,0:0:0:0:
64,192,2436,1,2,0:0:0:0:
448,192,2642,1,4,3:0:0:0:
64,192,2849,1,2,0:0:0:0:
320,192,2849,1,8,0:0:0:0:
192,192,3056,1,4,3:0:0:0:
64,192,3263,1,2,0:0:0:0:
448,192,3263,1,8,0:0:0:0:
192,192,3470,1,4,3:0:0:0:
320,192,3677,1,2,0:0:0:0:
64,192,3677,1,8,0:0:0:0:
448,192,3884,1,4,3:0:0:0:
320,192,4091,1,2,0:0:0:0:
64,192,4091,1,8,0:0:0:0:
192,192,4298,1,4,3:0:0:0:
320,192,4505,1,2,0:0:0:0:
448,192,4505,1,8,0:0:0:0:
64,192,4711,1,4,3:0:0:0:
192,192,4918,128,2,5539:0:0:0:0:
320,192,4918,1,8,0:0:0:0:
448,192,5125,1,4,3:0:0:0:
64,192,5332,1,8,0:0:0:0:
320,192,5539,1,4,0:0:0:0:
448,192,5746,1,2,0:0:0:0:
64,192,5746,1,8,0:0:0:0:
192,192,5953,1,4,3:0:0:0:
320,192,6160,1,8,0:0:0:0:
64,192,6160,1,2,0:0:0:0:
448,192,6367,1,4,3:0:0:0:
320,192,6574,1,2,0:0:0:0:
64,192,6574,1,8,0:0:0:0:
192,192,6780,1,4,3:0:0:0:
320,192,6987,1,2,0:0:0:0:
448,192,6987,128,8,8022:0:0:0:0:
192,192,7194,1,4,3:0:0:0:
320,192,7401,1,8,0:0:0:0:
192,192,7608,1,4,3:0:0:0:
64,192,7815,1,8,0:0:0:0:
192,192,8022,1,4,3:0:0:0:
320,192,8229,1,2,0:0:0:0:
64,192,8229,1,8,0:0:0:0:
192,192,8436,128,4,8849:3:0:0:0:
448,192,8642,1,10,0:0:0:0:
320,192,8849,1,4,0:0:0:0:
64,192,9056,1,2,0:0:0:0:
448,192,9056,1,8,0:0:0:0:
320,192,9263,1,4,3:0:0:0:
64,192,9470,1,2,0:0:0:0:
192,192,9470,1,8,0:0:0:0:
320,192,9677,1,4,3:0:0:0:
448,192,9884,1,2,0:0:0:0:
192,192,9884,1,8,0:0:0:0:
64,192,10091,1,4,3:0:0:0:
192,192,10298,1,2,0:0:0:0:
320,192,10298,1,8,0:0:0:0:
448,192,10505,1,4,3:0:0:0:
320,192,10711,1,2,0:0:0:0:
64,192,10711,1,8,0:0:0:0:
192,192,10918,1,4,3:0:0:0:
320,192,11125,1,8,0:0:0:0:
448,192,11125,1,2,0:0:0:0:
64,192,11332,128,4,11539:3:0:0:0:
192,192,11539,128,8,11746:0:0:0:0:
320,192,11746,128,4,11953:3:0:0:0:
448,192,11953,128,8,12160:0:0:0:0:
64,192,12160,128,4,12574:3:0:0:0:
320,192,12574,1,4,3:0:0:0:
448,192,12780,1,2,0:0:0:0:
64,192,12780,1,8,0:0:0:0:
192,192,12987,1,4,3:0:0:0:
320,192,13194,1,2,0:0:0:0:
64,192,13194,1,8,0:0:0:0:
448,192,13401,1,4,3:0:0:0:
192,192,13608,1,2,0:0:0:0:
320,192,13608,1,8,0:0:0:0:
64,192,13815,128,8,14022:3:0:0:0:
320,192,14022,1,2,0:0:0:0:
448,192,14229,128,8,14436:3:0:0:0:
192,192,14436,1,2,0:0:0:0:
64,192,14642,1,4,3:0:0:0:
320,192,14642,1,4,3:0:0:0:
192,192,14746,1,8,3:0:0:0:
448,192,14746,1,8,3:0:0:0:
64,192,14953,128,4,15263:3:0:0:0:
320,192,15470,1,4,0:0:0:0:
192,192,15677,1,8,2:0:0:0:
64,192,15884,1,4,3:0:0:0:
448,192,16091,1,8,1:0:0:0:
320,192,16298,1,4,3:0:0:0:
448,192,16505,1,8,2:0:0:0:
192,192,16711,1,4,3:0:0:0:
320,192,16918,1,8,1:0:0:0:
448,192,17125,1,4,3:0:0:0:
64,192,17332,1,8,2:0:0:0:
192,192,17539,1,4,3:0:0:0:
64,192,17746,1,8,1:0:0:0:
320,192,17953,1,4,3:0:0:0:
192,192,18160,1,8,2:0:0:0:
64,192,18367,1,4,3:0:0:0:
320,192,18574,1,8,1:0:0:0:
64,192,18780,1,2,0:0:0:0:
448,192,18884,1,2,0:0:0:0:
64,192,18987,1,2,0:0:0:0:
448,192,19091,1,2,0:0:0:0:
64,189,19194,1,2,0:0:0:0:
320,192,19401,1,2,0:0:0:0:
192,192,19608,1,2,0:0:0:0:
320,192,19711,1,2,0:0:0:0:
448,192,19815,1,2,0:0:0:0:
192,192,19918,1,2,0:0:0:0:
320,192,20022,1,2,0:0:0:0:
64,192,20125,1,2,0:0:0:0:
192,192,20229,1,2,0:0:0:0:
64,192,20436,1,2,0:0:0:0:
448,192,20436,1,2,0:0:0:0:
320,192,20642,1,2,0:0:0:0:
64,192,20849,1,2,0:0:0:0:
448,192,20849,1,2,0:0:0:0:
192,192,21056,1,2,0:0:0:0:
64,192,21263,128,2,22091:0:0:0:0:
448,192,21470,1,2,0:0:0:0:
320,192,21677,1,2,0:0:0:0:
448,192,21884,1,2,0:0:0:0:
320,192,22091,1,4,0:0:0:0:
192,192,22298,1,2,0:0:0:0:
64,192,22505,1,2,0:0:0:0:
448,192,22711,1,8,1:0:0:0:
320,192,22918,1,4,3:0:0:0:
64,192,23125,1,8,1:0:0:0:
192,192,23332,1,4,3:0:0:0:
64,192,23539,1,8,2:0:0:0:
448,192,23746,1,4,3:0:0:0:
320,192,23953,1,8,2:0:0:0:
192,192,24160,1,4,3:0:0:0:
64,192,24367,1,8,1:0:0:0:
320,192,24574,1,4,3:0:0:0:
192,192,24780,1,8,2:0:0:0:
64,192,24987,1,4,3:0:0:0:
320,192,25194,1,8,1:0:0:0:
448,192,25401,1,2,0:0:0:0:
64,192,25505,1,2,0:0:0:0:
448,192,25608,1,2,0:0:0:0:
64,192,25711,1,2,0:0:0:0:
448,192,25815,1,2,0:0:0:0:
192,192,26022,1,2,0:0:0:0:
320,192,26229,1,2,0:0:0:0:
448,192,26332,1,2,0:0:0:0:
64,192,26436,1,2,0:0:0:0:
192,192,26539,1,2,0:0:0:0:
448,192,26642,1,2,0:0:0:0:
320,192,26746,1,2,0:0:0:0:
192,192,26849,1,2,0:0:0:0:
448,192,27056,1,2,0:0:0:0:
64,192,27056,1,2,0:0:0:0:
192,192,27263,1,2,0:0:0:0:
64,192,27470,1,2,0:0:0:0:
448,192,27470,1,2,0:0:0:0:
320,192,27677,1,2,0:0:0:0:
64,192,27884,128,2,28711:0:0:0:0:
448,192,28091,1,2,0:0:0:0:
320,192,28298,1,2,0:0:0:0:
448,192,28505,1,2,0:0:0:0:
320,192,28711,1,4,0:0:0:0:
192,192,28918,1,8,0:0:0:0:
320,192,29125,1,8,0:0:0:0:
192,192,29539,1,8,0:0:0:0:
320,192,29746,1,8,0:0:0:0:
192,192,29953,1,8,0:0:0:0:
448,192,30367,128,8,30574:0:0:0:0:
64,192,30677,1,8,0:0:0:0:
320,192,30780,1,8,0:0:0:0:
192,186,30987,1,8,0:0:0:0:
448,192,31194,1,8,0:0:0:0:
64,192,31505,1,8,0:0:0:0:
192,192,31608,128,8,31815:0:0:0:0:
448,192,32022,1,8,0:0:0:0:
192,192,32229,1,8,0:0:0:0:
448,192,32436,1,8,0:0:0:0:
64,192,32849,1,8,0:0:0:0:
320,192,33056,1,8,0:0:0:0:
64,192,33263,1,8,0:0:0:0:
192,192,33677,128,8,33884:0:0:0:0:
320,192,33987,1,8,0:0:0:0:
64,192,34091,1,8,0:0:0:0:
448,186,34298,1,8,0:0:0:0:
192,192,34505,1,8,0:0:0:0:
320,192,34711,1,8,0:0:0:0:
192,192,34918,128,8,35125:0:0:0:0:
320,192,35332,1,8,0:0:0:0:
64,192,35539,1,8,0:0:0:0:
320,192,35746,1,8,0:0:0:0:
192,192,36160,1,8,0:0:0:0:
448,192,36367,1,8,0:0:0:0:
192,192,36574,1,8,0:0:0:0:
448,192,36987,128,8,37194:0:0:0:0:
192,192,37298,1,8,0:0:0:0:
320,192,37401,1,8,0:0:0:0:
64,186,37608,1,8,0:0:0:0:
448,192,37815,1,8,0:0:0:0:
320,192,38125,1,8,0:0:0:0:
64,192,38229,1,8,0:0:0:0:
192,192,38436,1,8,0:0:0:0:
448,192,38642,1,8,0:0:0:0:
192,192,38849,1,8,0:0:0:0:
448,192,39056,1,8,0:0:0:0:
64,192,39470,1,8,0:0:0:0:
320,192,39677,1,8,0:0:0:0:
64,192,39884,1,8,0:0:0:0:
448,192,40298,1,4,0:0:0:0:
192,192,40298,1,4,3:0:0:0:
64,192,40711,1,4,0:0:0:0:
320,192,40711,1,4,3:0:0:0:
448,192,41125,1,4,3:0:0:0:
192,192,41125,1,4,3:0:0:0:
320,192,41332,1,4,3:0:0:0:
448,192,41539,128,4,41953:3:0:0:0:
192,192,41953,1,4,0:0:0:0:
64,192,42160,1,8,1:0:0:0:
448,192,42367,1,4,3:0:0:0:
64,192,42574,1,8,1:0:0:0:
192,192,42780,1,4,3:0:0:0:
64,192,42987,1,8,1:0:0:0:
320,192,43194,1,4,3:0:0:0:
448,192,43401,1,8,2:0:0:0:
64,192,43608,1,4,3:0:0:0:
448,192,43815,1,8,1:0:0:0:
320,192,44022,1,4,3:0:0:0:
64,192,44229,1,8,1:0:0:0:
192,192,44436,1,4,3:0:0:0:
64,192,44642,1,8,2:0:0:0:
448,192,44849,1,4,3:0:0:0:
192,192,45056,1,8,2:0:0:0:
448,192,45263,1,2,0:0:0:0:
64,192,45367,1,2,0:0:0:0:
448,192,45470,1,2,0:0:0:0:
64,192,45574,1,2,0:0:0:0:
448,189,45677,1,2,0:0:0:0:
320,192,45884,1,2,0:0:0:0:
192,192,46091,1,2,0:0:0:0:
320,192,46194,1,2,0:0:0:0:
448,192,46298,1,2,0:0:0:0:
192,192,46401,1,2,0:0:0:0:
320,192,46505,1,2,0:0:0:0:
64,192,46608,1,2,0:0:0:0:
192,192,46711,1,2,0:0:0:0:
448,192,46918,1,2,0:0:0:0:
64,192,46918,1,2,0:0:0:0:
192,192,47125,1,2,0:0:0:0:
64,192,47332,1,2,0:0:0:0:
448,192,47332,1,2,0:0:0:0:
320,192,47539,1,2,0:0:0:0:
448,192,47746,128,2,48574:0:0:0:0:
64,192,47953,1,2,0:0:0:0:
192,192,48160,1,2,0:0:0:0:
64,192,48367,1,2,0:0:0:0:
192,192,48574,1,4,3:0:0:0:
64,192,48780,1,8,0:0:0:0:
448,192,48987,1,4,3:0:0:0:
64,192,49194,1,8,0:0:0:0:
192,192,49401,1,4,3:0:0:0:
448,192,49608,1,8,0:0:0:0:
320,192,49815,1,4,3:0:0:0:
448,192,50022,1,8,0:0:0:0:
64,192,50229,1,4,3:0:0:0:
192,192,50436,1,8,0:0:0:0:
320,192,50642,1,4,3:0:0:0:
448,192,50849,1,8,0:0:0:0:
192,192,51056,1,4,3:0:0:0:
64,192,51263,1,8,0:0:0:0:
448,192,51470,1,4,3:0:0:0:
192,192,51677,1,8,0:0:0:0:
64,192,51884,1,4,0:0:0:0:
448,192,51987,1,2,0:0:0:0:
64,192,52091,1,8,2:0:0:0:
448,192,52194,1,2,0:0:0:0:
64,192,52298,1,4,3:0:0:0:
192,192,52505,1,8,2:0:0:0:
320,192,52711,1,4,3:0:0:0:
448,192,52815,1,2,0:0:0:0:
192,192,52918,1,8,2:0:0:0:
320,192,53022,1,2,0:0:0:0:
64,192,53125,1,4,3:0:0:0:
192,192,53229,1,2,0:0:0:0:
320,192,53332,1,8,1:0:0:0:
448,192,53539,1,4,0:0:0:0:
64,192,53539,1,4,3:0:0:0:
192,192,53746,1,2,0:0:0:0:
64,192,53953,1,4,0:0:0:0:
448,192,53953,1,4,3:0:0:0:
320,192,54160,1,2,0:0:0:0:
448,192,54367,128,4,55194:0:0:0:0:
64,192,54574,1,2,0:0:0:0:
192,192,54780,1,4,3:0:0:0:
64,192,54987,1,4,3:0:0:0:
192,192,55194,1,4,0:0:0:0:
320,192,55401,1,8,0:0:0:0:
192,192,55608,1,8,0:0:0:0:
320,192,56022,1,8,0:0:0:0:
192,192,56229,1,8,0:0:0:0:
320,192,56436,1,8,0:0:0:0:
64,192,56849,128,8,57056:0:0:0:0:
448,192,57160,1,8,0:0:0:0:
192,192,57263,1,8,0:0:0:0:
320,186,57470,1,8,0:0:0:0:
64,192,57677,1,8,0:0:0:0:
448,192,57987,1,8,0:0:0:0:
320,192,58091,128,8,58298:0:0:0:0:
64,192,58505,1,8,0:0:0:0:
320,192,58711,1,8,0:0:0:0:
64,192,58918,1,8,0:0:0:0:
448,192,59332,1,8,0:0:0:0:
192,192,59539,1,8,0:0:0:0:
448,192,59746,1,8,0:0:0:0:
320,192,60160,128,8,60367:0:0:0:0:
192,192,60470,1,8,0:0:0:0:
448,192,60574,1,8,0:0:0:0:
64,186,60780,1,8,0:0:0:0:
320,192,60987,1,8,0:0:0:0:
192,192,61194,1,8,0:0:0:0:
320,192,61401,128,8,61608:0:0:0:0:
192,192,61815,1,8,0:0:0:0:
448,192,62022,1,8,0:0:0:0:
192,192,62229,1,8,0:0:0:0:
320,192,62642,1,8,0:0:0:0:
64,192,62849,1,8,0:0:0:0:
320,192,63056,1,8,0:0:0:0:
64,192,63470,128,8,63677:0:0:0:0:
320,192,63780,1,8,0:0:0:0:
192,192,63884,1,8,0:0:0:0:
448,186,64091,1,8,0:0:0:0:
64,192,64298,1,8,0:0:0:0:
192,192,64608,1,8,0:0:0:0:
448,192,64711,1,8,0:0:0:0:
320,192,64918,1,8,0:0:0:0:
64,192,65125,1,8,0:0:0:0:
320,192,65332,1,8,0:0:0:0:
64,192,65539,1,8,0:0:0:0:
448,192,65953,1,8,0:0:0:0:
192,192,66160,1,8,0:0:0:0:
448,192,66367,1,8,0:0:0:0:
64,192,66780,1,4,0:0:0:0:
320,192,66780,1,4,0:0:0:0:
448,192,67194,1,4,3:0:0:0:
192,192,67194,1,4,0:0:0:0:
320,192,67608,1,4,3:0:0:0:
64,192,67608,1,4,3:0:0:0:
192,192,67815,1,4,3:0:0:0:
320,192,68022,128,6,70340:0:0:0:0:
64,192,70340,128,2,72233:0:0:0:0:
320,192,72233,128,2,74184:0:0:0:0:
192,192,74184,128,2,76119:0:0:0:0:
448,192,76119,128,2,77088:0:0:0:0:
320,192,77088,128,2,78058:0:0:0:0:
192,192,78058,128,2,79308:0:0:0:0:
320,192,79308,1,2,0:0:0:0:
64,192,79308,128,2,82126:0:0:0:0:
448,192,79660,1,2,0:0:0:0:
192,192,80013,1,2,0:0:0:0:
448,192,80374,1,2,0:0:0:0:
192,192,80563,1,2,0:0:0:0:
320,192,80658,1,2,0:0:0:0:
448,192,80753,1,2,0:0:0:0:
320,192,81072,1,2,0:0:0:0:
448,192,81429,128,2,82126:0:0:0:0:
64,192,82965,1,2,0:0:0:0:
448,192,83378,1,2,0:0:0:0:
448,192,83792,128,4,84619:3:0:0:0:
64,192,83792,1,4,3:0:0:0:
192,192,84206,1,4,3:0:0:0:
64,192,84413,1,8,2:0:0:0:
192,192,84619,1,8,0:0:0:0:
320,192,84825,1,8,0:0:0:0:
448,192,85032,1,8,0:0:0:0:
320,192,85446,1,8,0:0:0:0:
192,192,85653,1,8,0:0:0:0:
320,192,85860,1,8,0:0:0:0:
64,192,86274,128,4,86481:3:0:0:0:
448,192,86584,1,2,0:0:0:0:
192,192,86687,1,4,3:0:0:0:
320,186,86894,1,2,0:0:0:0:
64,192,87101,1,4,3:0:0:0:
448,192,87412,1,2,0:0:0:0:
320,192,87515,128,4,87722:3:0:0:0:
64,192,87929,1,2,0:0:0:0:
320,192,88136,1,8,0:0:0:0:
64,192,88343,1,8,0:0:0:0:
448,192,88756,1,8,0:0:0:0:
192,192,88963,1,8,0:0:0:0:
448,192,89170,1,8,0:0:0:0:
320,192,89584,128,4,89791:3:0:0:0:
192,192,89894,1,2,0:0:0:0:
448,192,89998,1,4,3:0:0:0:
64,186,90205,1,2,0:0:0:0:
320,192,90412,1,4,3:0:0:0:
192,192,90619,1,2,0:0:0:0:
320,192,90825,128,4,91032:3:0:0:0:
192,192,91239,1,8,0:0:0:0:
448,192,91446,1,8,0:0:0:0:
192,192,91653,1,8,0:0:0:0:
320,192,92067,1,8,0:0:0:0:
64,192,92274,1,8,0:0:0:0:
320,192,92481,1,8,0:0:0:0:
64,192,92894,128,4,93101:3:0:0:0:
320,192,93205,1,2,0:0:0:0:
192,192,93308,1,4,3:0:0:0:
448,186,93515,1,2,0:0:0:0:
64,192,93722,1,4,3:0:0:0:
192,192,94032,1,2,0:0:0:0:
448,192,94136,1,4,3:0:0:0:
320,192,94343,1,2,0:0:0:0:
64,192,94550,1,8,0:0:0:0:
320,192,94756,1,8,0:0:0:0:
64,192,94963,1,8,0:0:0:0:
448,192,95377,1,8,0:0:0:0:
192,192,95584,1,8,0:0:0:0:
448,192,95791,1,8,0:0:0:0:
320,192,96205,1,4,3:0:0:0:
64,192,96205,1,4,0:0:0:0:
192,192,96619,1,4,0:0:0:0:
448,192,96619,1,4,3:0:0:0:
64,192,97032,1,4,3:0:0:0:
320,192,97032,1,4,3:0:0:0:
192,192,97239,1,4,3:0:0:0:
320,192,97446,1,4,3:0:0:0:
192,192,97860,1,4,0:0:0:0:
448,192,97860,1,4,3:0:0:0:
64,192,98274,1,4,0:0:0:0:
320,192,98274,1,4,3:0:0:0:
192,192,98687,1,4,0:0:0:0:
448,192,98687,1,4,3:0:0:0:
320,192,98894,1,4,0:0:0:0:
448,192,99101,1,4,0:0:0:0:
