64,192,1772,5,0,0:0:0:0:
320,192,1772,1,0,0:0:0:0:
448,192,1772,1,0,0:0:0:0:
64,192,2443,1,0,0:0:0:0:
320,192,2667,1,0,0:0:0:0:
192,192,2891,1,0,0:0:0:0:
448,192,3115,1,0,0:0:0:0:
64,192,3563,1,0,0:0:0:0:
192,192,3563,1,0,0:0:0:0:
448,192,3563,1,0,0:0:0:0:
64,192,4234,1,0,0:0:0:0:
192,192,4458,1,0,0:0:0:0:
320,192,4682,1,0,0:0:0:0:
448,192,4906,1,0,0:0:0:0:
64,192,5354,1,0,0:0:0:0:
192,192,5354,1,0,0:0:0:0:
320,192,5354,1,0,0:0:0:0:
192,192,6025,1,0,0:0:0:0:
64,192,6249,1,0,0:0:0:0:
320,192,6473,1,0,0:0:0:0:
448,192,6697,1,0,0:0:0:0:
64,192,7145,1,0,0:0:0:0:
192,192,7145,1,0,0:0:0:0:
320,192,7145,1,0,0:0:0:0:
64,192,7816,1,0,0:0:0:0:
192,192,8040,1,0,0:0:0:0:
320,192,8264,1,0,0:0:0:0:
448,192,8488,1,0,0:0:0:0:
192,192,8712,1,0,0:0:0:0:
64,192,8936,1,0,0:0:0:0:
320,192,8936,1,0,0:0:0:0:
448,192,8936,1,0,0:0:0:0:
64,192,9607,1,0,0:0:0:0:
320,192,9831,1,0,0:0:0:0:
192,192,10055,1,0,0:0:0:0:
448,192,10279,1,0,0:0:0:0:
64,192,10727,1,0,0:0:0:0:
192,192,10727,1,0,0:0:0:0:
448,192,10727,1,0,0:0:0:0:
64,192,11398,1,0,0:0:0:0:
192,192,11622,1,0,0:0:0:0:
320,192,11846,1,0,0:0:0:0:
448,192,12070,1,0,0:0:0:0:
64,192,12518,1,0,0:0:0:0:
192,192,12518,1,0,0:0:0:0:
320,192,12518,1,0,0:0:0:0:
192,192,13189,1,0,0:0:0:0:
64,192,13413,1,0,0:0:0:0:
320,192,13637,1,0,0:0:0:0:
448,192,13861,1,0,0:0:0:0:
64,192,14309,1,0,0:0:0:0:
192,192,14309,1,0,0:0:0:0:
320,192,14309,1,0,0:0:0:0:
64,192,14981,1,0,0:0:0:0:
192,192,15204,1,0,0:0:0:0:
320,192,15428,1,0,0:0:0:0:
448,192,15652,1,0,0:0:0:0:
192,192,15876,1,0,0:0:0:0:
64,192,16100,1,0,0:0:0:0:
192,192,16100,1,0,0:0:0:0:
320,192,16100,1,0,0:0:0:0:
448,192,16100,1,0,0:0:0:0:
192,192,16212,1,0,0:0:0:0:
64,192,16324,1,0,0:0:0:0:
320,192,16436,1,0,0:0:0:0:
192,192,16548,1,0,0:0:0:0:
448,192,16548,1,0,0:0:0:0:
320,192,16660,1,0,0:0:0:0:
64,192,16772,1,0,0:0:0:0:
192,192,16772,1,0,0:0:0:0:
448,192,16884,1,0,0:0:0:0:
64,192,16995,1,0,0:0:0:0:
192,192,16995,1,0,0:0:0:0:
320,192,16995,1,0,0:0:0:0:
448,192,17107,1,0,0:0:0:0:
64,192,17219,1,0,0:0:0:0:
192,192,17219,1,0,0:0:0:0:
320,192,17331,1,0,0:0:0:0:
64,192,17443,1,0,0:0:0:0:
192,192,17443,1,0,0:0:0:0:
448,192,17443,1,0,0:0:0:0:
320,192,17555,1,0,0:0:0:0:
192,192,17667,1,0,0:0:0:0:
64,192,17779,1,0,0:0:0:0:
64,192,17891,1,0,0:0:0:0:
192,192,17891,1,0,0:0:0:0:
320,192,17891,1,0,0:0:0:0:
448,192,17891,1,0,0:0:0:0:
192,192,18003,1,0,0:0:0:0:
448,192,18115,1,0,0:0:0:0:
192,192,18227,1,0,0:0:0:0:
64,192,18339,1,0,0:0:0:0:
320,192,18339,1,0,0:0:0:0:
448,192,18339,1,0,0:0:0:0:
192,192,18451,1,0,0:0:0:0:
64,192,18563,1,0,0:0:0:0:
320,192,18563,1,0,0:0:0:0:
448,192,18675,1,0,0:0:0:0:
64,192,18787,1,0,0:0:0:0:
192,192,18787,1,0,0:0:0:0:
320,192,18787,1,0,0:0:0:0:
448,192,18898,1,0,0:0:0:0:
64,192,19010,1,0,0:0:0:0:
192,192,19010,1,0,0:0:0:0:
320,192,19122,1,0,0:0:0:0:
64,192,19234,1,0,0:0:0:0:
192,192,19234,1,0,0:0:0:0:
448,192,19234,1,0,0:0:0:0:
320,192,19346,1,0,0:0:0:0:
192,192,19458,1,0,0:0:0:0:
64,192,19570,1,0,0:0:0:0:
64,192,19682,1,0,0:0:0:0:
192,192,19682,1,0,0:0:0:0:
320,192,19682,1,0,0:0:0:0:
448,192,19682,1,0,0:0:0:0:
320,192,19794,1,0,0:0:0:0:
192,192,19906,1,0,0:0:0:0:
448,192,20018,1,0,0:0:0:0:
64,192,20130,1,0,0:0:0:0:
192,192,20130,1,0,0:0:0:0:
320,192,20130,1,0,0:0:0:0:
448,192,20242,1,0,0:0:0:0:
64,192,20354,1,0,0:0:0:0:
320,192,20354,1,0,0:0:0:0:
192,192,20466,1,0,0:0:0:0:
64,192,20578,1,0,0:0:0:0:
320,192,20578,1,0,0:0:0:0:
448,192,20578,1,0,0:0:0:0:
192,192,20689,1,0,0:0:0:0:
320,192,20801,1,0,0:0:0:0:
448,192,20801,1,0,0:0:0:0:
64,192,20913,1,0,0:0:0:0:
192,192,21025,1,0,0:0:0:0:
320,192,21025,1,0,0:0:0:0:
448,192,21025,1,0,0:0:0:0:
64,192,21137,1,0,0:0:0:0:
192,192,21249,1,0,0:0:0:0:
320,192,21361,1,0,0:0:0:0:
64,192,21473,1,0,0:0:0:0:
192,192,21473,1,0,0:0:0:0:
320,192,21473,1,0,0:0:0:0:
448,192,21473,1,0,0:0:0:0:
192,192,21585,1,0,0:0:0:0:
320,192,21697,1,0,0:0:0:0:
64,192,21809,1,0,0:0:0:0:
192,192,21921,1,0,0:0:0:0:
320,192,21921,1,0,0:0:0:0:
448,192,21921,1,0,0:0:0:0:
64,192,22033,1,0,0:0:0:0:
320,192,22145,1,0,0:0:0:0:
448,192,22145,1,0,0:0:0:0:
192,192,22257,1,0,0:0:0:0:
64,192,22369,1,0,0:0:0:0:
320,192,22369,1,0,0:0:0:0:
448,192,22369,1,0,0:0:0:0:
192,192,22481,1,0,0:0:0:0:
64,192,22592,1,0,0:0:0:0:
320,192,22592,1,0,0:0:0:0:
448,192,22704,1,0,0:0:0:0:
64,192,22816,1,0,0:0:0:0:
192,192,22816,1,0,0:0:0:0:
320,192,22816,1,0,0:0:0:0:
448,192,22928,1,0,0:0:0:0:
192,192,23040,1,0,0:0:0:0:
320,192,23040,1,0,0:0:0:0:
64,192,23152,1,0,0:0:0:0:
64,192,23264,1,0,0:0:0:0:
192,192,23264,1,0,0:0:0:0:
320,192,23264,1,0,0:0:0:0:
448,192,23264,1,0,0:0:0:0:
320,192,23376,1,0,0:0:0:0:
192,192,23488,1,0,0:0:0:0:
448,192,23488,1,0,0:0:0:0:
320,192,23600,1,0,0:0:0:0:
64,192,23712,1,0,0:0:0:0:
192,192,23712,1,0,0:0:0:0:
448,192,23712,1,0,0:0:0:0:
320,192,23824,1,0,0:0:0:0:
192,192,23936,1,0,0:0:0:0:
448,192,23936,1,0,0:0:0:0:
64,192,24048,1,0,0:0:0:0:
192,192,24160,1,0,0:0:0:0:
320,192,24160,1,0,0:0:0:0:
448,192,24160,1,0,0:0:0:0:
64,192,24272,1,0,0:0:0:0:
320,192,24384,1,0,0:0:0:0:
448,192,24384,1,0,0:0:0:0:
192,192,24495,1,0,0:0:0:0:
64,192,24607,1,0,0:0:0:0:
320,192,24607,1,0,0:0:0:0:
448,192,24607,1,0,0:0:0:0:
192,192,24719,1,0,0:0:0:0:
64,192,24831,1,0,0:0:0:0:
320,192,24831,1,0,0:0:0:0:
448,192,24943,1,0,0:0:0:0:
64,192,25055,1,0,0:0:0:0:
192,192,25055,1,0,0:0:0:0:
320,192,25055,1,0,0:0:0:0:
448,192,25055,1,0,0:0:0:0:
192,192,25167,1,0,0:0:0:0:
320,192,25279,1,0,0:0:0:0:
448,192,25279,1,0,0:0:0:0:
64,192,25391,1,0,0:0:0:0:
192,192,25503,1,0,0:0:0:0:
320,192,25503,1,0,0:0:0:0:
448,192,25503,1,0,0:0:0:0:
64,192,25615,1,0,0:0:0:0:
192,192,25727,1,0,0:0:0:0:
320,192,25727,1,0,0:0:0:0:
448,192,25839,1,0,0:0:0:0:
64,192,25951,1,0,0:0:0:0:
192,192,25951,1,0,0:0:0:0:
320,192,25951,1,0,0:0:0:0:
448,192,26063,1,0,0:0:0:0:
64,192,26175,1,0,0:0:0:0:
320,192,26175,1,0,0:0:0:0:
192,192,26287,1,0,0:0:0:0:
64,192,26398,1,0,0:0:0:0:
320,192,26398,1,0,0:0:0:0:
448,192,26398,1,0,0:0:0:0:
192,192,26510,1,0,0:0:0:0:
64,192,26622,1,0,0:0:0:0:
448,192,26622,1,0,0:0:0:0:
320,192,26734,1,0,0:0:0:0:
64,192,26846,1,0,0:0:0:0:
192,192,26846,1,0,0:0:0:0:
320,192,26846,1,0,0:0:0:0:
448,192,26846,1,0,0:0:0:0:
192,192,26958,1,0,0:0:0:0:
320,192,27070,1,0,0:0:0:0:
448,192,27070,1,0,0:0:0:0:
64,192,27182,1,0,0:0:0:0:
192,192,27294,1,0,0:0:0:0:
320,192,27294,1,0,0:0:0:0:
448,192,27294,1,0,0:0:0:0:
64,192,27406,1,0,0:0:0:0:
320,192,27518,1,0,0:0:0:0:
448,192,27518,1,0,0:0:0:0:
192,192,27630,1,0,0:0:0:0:
64,192,27742,1,0,0:0:0:0:
320,192,27742,1,0,0:0:0:0:
448,192,27742,1,0,0:0:0:0:
192,192,27854,1,0,0:0:0:0:
64,192,27966,1,0,0:0:0:0:
320,192,27966,1,0,0:0:0:0:
192,192,28078,1,0,0:0:0:0:
64,192,28189,1,0,0:0:0:0:
320,192,28189,1,0,0:0:0:0:
448,192,28189,1,0,0:0:0:0:
192,192,28301,1,0,0:0:0:0:
320,192,28413,1,0,0:0:0:0:
448,192,28413,1,0,0:0:0:0:
192,192,28525,1,0,0:0:0:0:
320,192,28525,1,0,0:0:0:0:
64,192,28637,1,0,0:0:0:0:
192,192,28637,1,0,0:0:0:0:
320,192,28637,1,0,0:0:0:0:
448,192,28637,1,0,0:0:0:0:
64,192,29309,1,0,0:0:0:0:
192,192,29533,1,0,0:0:0:0:
64,192,29757,1,0,0:0:0:0:
320,192,29757,1,0,0:0:0:0:
192,192,29981,1,0,0:0:0:0:
448,192,29981,1,0,0:0:0:0:
192,192,30204,1,0,0:0:0:0:
320,192,30204,1,0,0:0:0:0:
64,192,30428,1,0,0:0:0:0:
192,192,30428,1,0,0:0:0:0:
320,192,30428,1,0,0:0:0:0:
448,192,30428,1,0,0:0:0:0:
192,192,30540,1,0,0:0:0:0:
320,192,30540,1,0,0:0:0:0:
64,192,30652,1,0,0:0:0:0:
192,192,30652,1,0,0:0:0:0:
448,192,30652,1,0,0:0:0:0:
64,192,30764,1,0,0:0:0:0:
320,192,30764,1,0,0:0:0:0:
64,192,30876,1,0,0:0:0:0:
192,192,30876,1,0,0:0:0:0:
320,192,30876,1,0,0:0:0:0:
448,192,30876,1,0,0:0:0:0:
192,192,30988,1,0,0:0:0:0:
448,192,30988,1,0,0:0:0:0:
64,192,31100,1,0,0:0:0:0:
320,192,31100,1,0,0:0:0:0:
448,192,31100,1,0,0:0:0:0:
192,192,31212,1,0,0:0:0:0:
320,192,31212,1,0,0:0:0:0:
64,192,31324,1,0,0:0:0:0:
192,192,31324,1,0,0:0:0:0:
320,192,31324,1,0,0:0:0:0:
448,192,31324,1,0,0:0:0:0:
64,192,31436,1,0,0:0:0:0:
192,192,31436,1,0,0:0:0:0:
192,192,31548,1,0,0:0:0:0:
320,192,31548,1,0,0:0:0:0:
448,192,31548,1,0,0:0:0:0:
64,192,31660,1,0,0:0:0:0:
448,192,31660,1,0,0:0:0:0:
64,192,31772,1,0,0:0:0:0:
192,192,31772,1,0,0:0:0:0:
320,192,31772,1,0,0:0:0:0:
448,192,31772,1,0,0:0:0:0:
64,192,31884,1,0,0:0:0:0:
320,192,31884,1,0,0:0:0:0:
64,192,31995,1,0,0:0:0:0:
192,192,31995,1,0,0:0:0:0:
448,192,31995,1,0,0:0:0:0:
320,192,32107,1,0,0:0:0:0:
448,192,32107,1,0,0:0:0:0:
64,192,32219,1,0,0:0:0:0:
192,192,32219,1,0,0:0:0:0:
320,192,32219,1,0,0:0:0:0:
448,192,32219,1,0,0:0:0:0:
192,192,32331,1,0,0:0:0:0:
320,192,32331,1,0,0:0:0:0:
64,192,32443,1,0,0:0:0:0:
192,192,32443,1,0,0:0:0:0:
448,192,32443,1,0,0:0:0:0:
320,192,32555,1,0,0:0:0:0:
448,192,32555,1,0,0:0:0:0:
64,192,32667,1,0,0:0:0:0:
192,192,32667,1,0,0:0:0:0:
320,192,32667,1,0,0:0:0:0:
448,192,32667,1,0,0:0:0:0:
64,192,32779,1,0,0:0:0:0:
448,192,32779,1,0,0:0:0:0:
64,192,32891,1,0,0:0:0:0:
192,192,32891,1,0,0:0:0:0:
320,192,32891,1,0,0:0:0:0:
192,192,33003,1,0,0:0:0:0:
448,192,33003,1,0,0:0:0:0:
64,192,33115,1,0,0:0:0:0:
192,192,33115,1,0,0:0:0:0:
320,192,33115,1,0,0:0:0:0:
448,192,33115,1,0,0:0:0:0:
192,192,33227,1,0,0:0:0:0:
320,192,33227,1,0,0:0:0:0:
64,192,33339,1,0,0:0:0:0:
320,192,33339,1,0,0:0:0:0:
448,192,33339,1,0,0:0:0:0:
64,192,33451,1,0,0:0:0:0:
192,192,33451,1,0,0:0:0:0:
64,192,33563,1,0,0:0:0:0:
192,192,33563,1,0,0:0:0:0:
320,192,33563,1,0,0:0:0:0:
448,192,33563,1,0,0:0:0:0:
192,192,33675,1,0,0:0:0:0:
448,192,33675,1,0,0:0:0:0:
64,192,33787,1,0,0:0:0:0:
320,192,33787,1,0,0:0:0:0:
448,192,33787,1,0,0:0:0:0:
64,192,33898,1,0,0:0:0:0:
192,192,33898,1,0,0:0:0:0:
448,192,33898,1,0,0:0:0:0:
64,192,34010,1,0,0:0:0:0:
192,192,34010,1,0,0:0:0:0:
320,192,34010,1,0,0:0:0:0:
448,192,34010,1,0,0:0:0:0:
192,192,34122,1,0,0:0:0:0:
320,192,34122,1,0,0:0:0:0:
64,192,34234,1,0,0:0:0:0:
192,192,34234,1,0,0:0:0:0:
448,192,34234,1,0,0:0:0:0:
64,192,34346,1,0,0:0:0:0:
448,192,34346,1,0,0:0:0:0:
64,192,34458,1,0,0:0:0:0:
192,192,34458,1,0,0:0:0:0:
320,192,34458,1,0,0:0:0:0:
448,192,34458,1,0,0:0:0:0:
192,192,34570,1,0,0:0:0:0:
320,192,34570,1,0,0:0:0:0:
64,192,34682,1,0,0:0:0:0:
192,192,34682,1,0,0:0:0:0:
448,192,34682,1,0,0:0:0:0:
64,192,34794,1,0,0:0:0:0:
320,192,34794,1,0,0:0:0:0:
64,192,34906,1,0,0:0:0:0:
192,192,34906,1,0,0:0:0:0:
320,192,34906,1,0,0:0:0:0:
448,192,34906,1,0,0:0:0:0:
192,192,35018,1,0,0:0:0:0:
448,192,35018,1,0,0:0:0:0:
64,192,35130,1,0,0:0:0:0:
320,192,35130,1,0,0:0:0:0:
448,192,35130,1,0,0:0:0:0:
192,192,35242,1,0,0:0:0:0:
320,192,35242,1,0,0:0:0:0:
64,192,35354,1,0,0:0:0:0:
192,192,35354,1,0,0:0:0:0:
320,192,35354,1,0,0:0:0:0:
448,192,35354,1,0,0:0:0:0:
64,192,35466,1,0,0:0:0:0:
448,192,35466,1,0,0:0:0:0:
192,192,35578,1,0,0:0:0:0:
320,192,35578,1,0,0:0:0:0:
448,192,35578,1,0,0:0:0:0:
64,192,35689,1,0,0:0:0:0:
192,192,35689,1,0,0:0:0:0:
64,192,35801,1,0,0:0:0:0:
192,192,35801,1,0,0:0:0:0:
320,192,35801,1,0,0:0:0:0:
448,192,35801,1,0,0:0:0:0:
64,192,35913,1,0,0:0:0:0:
448,192,35913,1,0,0:0:0:0:
192,192,36025,1,0,0:0:0:0:
320,192,36025,1,0,0:0:0:0:
448,192,36025,1,0,0:0:0:0:
64,192,36137,1,0,0:0:0:0:
192,192,36137,1,0,0:0:0:0:
64,192,36249,1,0,0:0:0:0:
192,192,36249,1,0,0:0:0:0:
320,192,36249,1,0,0:0:0:0:
448,192,36249,1,0,0:0:0:0:
320,192,36361,1,0,0:0:0:0:
448,192,36361,1,0,0:0:0:0:
64,192,36473,1,0,0:0:0:0:
192,192,36473,1,0,0:0:0:0:
448,192,36473,1,0,0:0:0:0:
192,192,36585,1,0,0:0:0:0:
448,192,36585,1,0,0:0:0:0:
64,192,36697,1,0,0:0:0:0:
192,192,36697,1,0,0:0:0:0:
320,192,36697,1,0,0:0:0:0:
448,192,36697,1,0,0:0:0:0:
64,192,36809,1,0,0:0:0:0:
320,192,36809,1,0,0:0:0:0:
64,192,36921,1,0,0:0:0:0:
192,192,36921,1,0,0:0:0:0:
448,192,36921,1,0,0:0:0:0:
320,192,37033,1,0,0:0:0:0:
448,192,37033,1,0,0:0:0:0:
64,192,37145,1,0,0:0:0:0:
192,192,37145,1,0,0:0:0:0:
320,192,37145,1,0,0:0:0:0:
448,192,37145,1,0,0:0:0:0:
192,192,37257,1,0,0:0:0:0:
448,192,37257,1,0,0:0:0:0:
64,192,37369,1,0,0:0:0:0:
192,192,37369,1,0,0:0:0:0:
320,192,37369,1,0,0:0:0:0:
64,192,37481,1,0,0:0:0:0:
448,192,37481,1,0,0:0:0:0:
64,192,37592,1,0,0:0:0:0:
192,192,37592,1,0,0:0:0:0:
320,192,37592,1,0,0:0:0:0:
448,192,37592,1,0,0:0:0:0:
192,192,38040,1,0,0:0:0:0:
320,192,38040,1,0,0:0:0:0:
64,0,38040,128,0,38152:1:0:0:0:
448,0,38040,128,0,38152:1:0:0:0:
192,192,38152,1,0,0:0:0:0:
320,192,38152,1,0,0:0:0:0:
64,192,38264,1,0,0:0:0:0:
320,192,38264,1,0,0:0:0:0:
448,192,38264,1,0,0:0:0:0:
192,192,38376,1,0,0:0:0:0:
448,192,38376,1,0,0:0:0:0:
64,192,38488,1,0,0:0:0:0:
192,192,38488,1,0,0:0:0:0:
320,192,38488,1,0,0:0:0:0:
448,192,38488,1,0,0:0:0:0:
64,192,38600,1,0,0:0:0:0:
192,192,38600,1,0,0:0:0:0:
64,192,38712,1,0,0:0:0:0:
320,192,38712,1,0,0:0:0:0:
448,192,38712,1,0,0:0:0:0:
192,192,38824,1,0,0:0:0:0:
448,192,38824,1,0,0:0:0:0:
64,192,38936,1,0,0:0:0:0:
192,192,38936,1,0,0:0:0:0:
320,192,38936,1,0,0:0:0:0:
448,192,38936,1,0,0:0:0:0:
64,192,39048,1,0,0:0:0:0:
320,192,39048,1,0,0:0:0:0:
64,192,39160,1,0,0:0:0:0:
192,192,39160,1,0,0:0:0:0:
448,192,39160,1,0,0:0:0:0:
320,192,39272,1,0,0:0:0:0:
448,192,39272,1,0,0:0:0:0:
64,192,39384,1,0,0:0:0:0:
192,192,39384,1,0,0:0:0:0:
320,192,39384,1,0,0:0:0:0:
448,192,39384,1,0,0:0:0:0:
64,192,39495,1,0,0:0:0:0:
448,192,39495,1,0,0:0:0:0:
64,192,39607,1,0,0:0:0:0:
192,192,39607,1,0,0:0:0:0:
320,192,39607,1,0,0:0:0:0:
320,192,39719,1,0,0:0:0:0:
448,192,39719,1,0,0:0:0:0:
64,192,39831,1,0,0:0:0:0:
192,192,39831,1,0,0:0:0:0:
320,192,39831,1,0,0:0:0:0:
448,192,39831,1,0,0:0:0:0:
64,192,39943,1,0,0:0:0:0:
192,192,39943,1,0,0:0:0:0:
192,192,40055,1,0,0:0:0:0:
320,192,40055,1,0,0:0:0:0:
448,192,40055,1,0,0:0:0:0:
64,192,40167,1,0,0:0:0:0:
320,192,40167,1,0,0:0:0:0:
64,192,40279,1,0,0:0:0:0:
192,192,40279,1,0,0:0:0:0:
320,192,40279,1,0,0:0:0:0:
448,192,40279,1,0,0:0:0:0:
192,192,40391,1,0,0:0:0:0:
448,192,40391,1,0,0:0:0:0:
64,192,40503,1,0,0:0:0:0:
320,192,40503,1,0,0:0:0:0:
448,192,40503,1,0,0:0:0:0:
192,192,40615,1,0,0:0:0:0:
320,192,40615,1,0,0:0:0:0:
64,192,40727,1,0,0:0:0:0:
192,192,40727,1,0,0:0:0:0:
320,192,40727,1,0,0:0:0:0:
448,192,40727,1,0,0:0:0:0:
64,192,40839,1,0,0:0:0:0:
320,192,40839,1,0,0:0:0:0:
64,192,40951,1,0,0:0:0:0:
192,192,40951,1,0,0:0:0:0:
448,192,40951,1,0,0:0:0:0:
192,192,41063,1,0,0:0:0:0:
320,192,41063,1,0,0:0:0:0:
448,192,41063,1,0,0:0:0:0:
64,192,41175,1,0,0:0:0:0:
192,192,41175,1,0,0:0:0:0:
320,192,41175,1,0,0:0:0:0:
448,192,41175,1,0,0:0:0:0:
64,192,41287,1,0,0:0:0:0:
320,192,41287,1,0,0:0:0:0:
64,192,41398,1,0,0:0:0:0:
192,192,41398,1,0,0:0:0:0:
448,192,41398,1,0,0:0:0:0:
320,192,41510,1,0,0:0:0:0:
448,192,41510,1,0,0:0:0:0:
64,192,41622,1,0,0:0:0:0:
192,192,41622,1,0,0:0:0:0:
320,192,41622,1,0,0:0:0:0:
448,192,41622,1,0,0:0:0:0:
64,192,41734,1,0,0:0:0:0:
192,192,41734,1,0,0:0:0:0:
64,192,41846,1,0,0:0:0:0:
320,192,41846,1,0,0:0:0:0:
448,192,41846,1,0,0:0:0:0:
192,192,41958,1,0,0:0:0:0:
320,192,41958,1,0,0:0:0:0:
64,192,42070,1,0,0:0:0:0:
192,192,42070,1,0,0:0:0:0:
320,192,42070,1,0,0:0:0:0:
448,192,42070,1,0,0:0:0:0:
64,192,42182,1,0,0:0:0:0:
448,192,42182,1,0,0:0:0:0:
192,192,42294,1,0,0:0:0:0:
320,192,42294,1,0,0:0:0:0:
448,192,42294,1,0,0:0:0:0:
64,192,42406,1,0,0:0:0:0:
192,192,42406,1,0,0:0:0:0:
64,192,42518,1,0,0:0:0:0:
192,192,42518,1,0,0:0:0:0:
320,192,42518,1,0,0:0:0:0:
448,192,42518,1,0,0:0:0:0:
320,192,42630,1,0,0:0:0:0:
448,192,42630,1,0,0:0:0:0:
64,192,42742,1,0,0:0:0:0:
192,192,42742,1,0,0:0:0:0:
320,192,42742,1,0,0:0:0:0:
192,192,42854,1,0,0:0:0:0:
448,192,42854,1,0,0:0:0:0:
64,192,42966,1,0,0:0:0:0:
192,192,42966,1,0,0:0:0:0:
320,192,42966,1,0,0:0:0:0:
448,192,42966,1,0,0:0:0:0:
64,192,43078,1,0,0:0:0:0:
192,192,43078,1,0,0:0:0:0:
64,192,43189,1,0,0:0:0:0:
320,192,43189,1,0,0:0:0:0:
448,192,43189,1,0,0:0:0:0:
192,192,43301,1,0,0:0:0:0:
320,192,43301,1,0,0:0:0:0:
64,192,43413,1,0,0:0:0:0:
192,192,43413,1,0,0:0:0:0:
320,192,43413,1,0,0:0:0:0:
448,192,43413,1,0,0:0:0:0:
64,192,43525,1,0,0:0:0:0:
448,192,43525,1,0,0:0:0:0:
192,192,43637,1,0,0:0:0:0:
320,192,43637,1,0,0:0:0:0:
448,192,43637,1,0,0:0:0:0:
64,192,43749,1,0,0:0:0:0:
192,192,43749,1,0,0:0:0:0:
64,192,43861,1,0,0:0:0:0:
192,192,43861,1,0,0:0:0:0:
320,192,43861,1,0,0:0:0:0:
448,192,43861,1,0,0:0:0:0:
320,192,43973,1,0,0:0:0:0:
448,192,43973,1,0,0:0:0:0:
64,192,44085,1,0,0:0:0:0:
192,192,44085,1,0,0:0:0:0:
448,192,44085,1,0,0:0:0:0:
192,192,44197,1,0,0:0:0:0:
320,192,44197,1,0,0:0:0:0:
64,192,44309,1,0,0:0:0:0:
192,192,44309,1,0,0:0:0:0:
320,192,44309,1,0,0:0:0:0:
448,192,44309,1,0,0:0:0:0:
64,192,44421,1,0,0:0:0:0:
448,192,44421,1,0,0:0:0:0:
192,192,44533,1,0,0:0:0:0:
320,192,44533,1,0,0:0:0:0:
64,192,44645,1,0,0:0:0:0:
320,192,44645,1,0,0:0:0:0:
448,192,44645,1,0,0:0:0:0:
192,192,44757,1,0,0:0:0:0:
320,192,44757,1,0,0:0:0:0:
64,0,44757,128,0,44869:1:0:0:0:
448,0,44757,128,0,44869:1:0:0:0:
192,192,44869,1,0,0:0:0:0:
64,192,44981,1,0,0:0:0:0:
320,192,44981,1,0,0:0:0:0:
448,192,44981,1,0,0:0:0:0:
320,192,45092,1,0,0:0:0:0:
64,192,45204,1,0,0:0:0:0:
192,192,45204,1,0,0:0:0:0:
448,192,45204,1,0,0:0:0:0:
64,192,45316,1,0,0:0:0:0:
192,192,45316,1,0,0:0:0:0:
448,192,45316,1,0,0:0:0:0:
64,192,45428,1,0,0:0:0:0:
192,192,45428,1,0,0:0:0:0:
448,192,45428,1,0,0:0:0:0:
64,192,45540,1,0,0:0:0:0:
192,192,45540,1,0,0:0:0:0:
448,192,45540,1,0,0:0:0:0:
64,192,45652,1,0,0:0:0:0:
192,192,45652,1,0,0:0:0:0:
320,192,45652,1,0,0:0:0:0:
448,192,45652,1,0,0:0:0:0:
320,192,45764,1,0,0:0:0:0:
64,192,45876,1,0,0:0:0:0:
192,192,45876,1,0,0:0:0:0:
448,192,45876,1,0,0:0:0:0:
320,192,45988,1,0,0:0:0:0:
64,192,46100,1,0,0:0:0:0:
192,192,46100,1,0,0:0:0:0:
320,192,46100,1,0,0:0:0:0:
448,192,46100,1,0,0:0:0:0:
192,192,46212,1,0,0:0:0:0:
320,192,46324,1,0,0:0:0:0:
448,192,46324,1,0,0:0:0:0:
192,192,46436,1,0,0:0:0:0:
320,192,46436,1,0,0:0:0:0:
64,192,46548,1,0,0:0:0:0:
192,192,46548,1,0,0:0:0:0:
320,192,46548,1,0,0:0:0:0:
448,192,46548,1,0,0:0:0:0:
320,192,46660,1,0,0:0:0:0:
64,192,46772,1,0,0:0:0:0:
192,192,46772,1,0,0:0:0:0:
448,192,46772,1,0,0:0:0:0:
448,192,46884,1,0,0:0:0:0:
64,192,46995,1,0,0:0:0:0:
192,192,46995,1,0,0:0:0:0:
320,192,46995,1,0,0:0:0:0:
64,192,47107,1,0,0:0:0:0:
192,192,47107,1,0,0:0:0:0:
320,192,47107,1,0,0:0:0:0:
64,192,47219,1,0,0:0:0:0:
192,192,47219,1,0,0:0:0:0:
320,192,47219,1,0,0:0:0:0:
64,192,47331,1,0,0:0:0:0:
192,192,47331,1,0,0:0:0:0:
320,192,47331,1,0,0:0:0:0:
64,192,47443,1,0,0:0:0:0:
192,192,47443,1,0,0:0:0:0:
320,192,47443,1,0,0:0:0:0:
448,192,47443,1,0,0:0:0:0:
448,192,47555,1,0,0:0:0:0:
64,192,47667,1,0,0:0:0:0:
192,192,47667,1,0,0:0:0:0:
448,192,47667,1,0,0:0:0:0:
192,192,47779,1,0,0:0:0:0:
64,192,47891,1,0,0:0:0:0:
192,192,47891,1,0,0:0:0:0:
320,192,47891,1,0,0:0:0:0:
448,192,47891,1,0,0:0:0:0:
320,192,48003,1,0,0:0:0:0:
64,192,48115,1,0,0:0:0:0:
192,192,48115,1,0,0:0:0:0:
320,192,48227,1,0,0:0:0:0:
448,192,48227,1,0,0:0:0:0:
64,192,48339,1,0,0:0:0:0:
192,192,48339,1,0,0:0:0:0:
320,192,48339,1,0,0:0:0:0:
448,192,48339,1,0,0:0:0:0:
192,192,48451,1,0,0:0:0:0:
64,192,48563,1,0,0:0:0:0:
320,192,48563,1,0,0:0:0:0:
448,192,48563,1,0,0:0:0:0:
192,192,48675,1,0,0:0:0:0:
64,192,48787,1,0,0:0:0:0:
320,192,48787,1,0,0:0:0:0:
448,192,48787,1,0,0:0:0:0:
64,192,48898,1,0,0:0:0:0:
320,192,48898,1,0,0:0:0:0:
448,192,48898,1,0,0:0:0:0:
64,192,49010,1,0,0:0:0:0:
320,192,49010,1,0,0:0:0:0:
448,192,49010,1,0,0:0:0:0:
64,192,49122,1,0,0:0:0:0:
320,192,49122,1,0,0:0:0:0:
448,192,49122,1,0,0:0:0:0:
64,192,49234,1,0,0:0:0:0:
192,192,49234,1,0,0:0:0:0:
320,192,49234,1,0,0:0:0:0:
448,192,49234,1,0,0:0:0:0:
192,192,49346,1,0,0:0:0:0:
64,192,49458,1,0,0:0:0:0:
320,192,49458,1,0,0:0:0:0:
448,192,49458,1,0,0:0:0:0:
192,192,49570,1,0,0:0:0:0:
64,192,49682,1,0,0:0:0:0:
192,192,49682,1,0,0:0:0:0:
320,192,49682,1,0,0:0:0:0:
448,192,49682,1,0,0:0:0:0:
320,192,49794,1,0,0:0:0:0:
192,192,49906,1,0,0:0:0:0:
448,192,49906,1,0,0:0:0:0:
64,192,50018,1,0,0:0:0:0:
320,192,50018,1,0,0:0:0:0:
64,192,50130,1,0,0:0:0:0:
192,192,50130,1,0,0:0:0:0:
320,192,50130,1,0,0:0:0:0:
448,192,50130,1,0,0:0:0:0:
320,192,50242,1,0,0:0:0:0:
64,192,50354,1,0,0:0:0:0:
192,192,50354,1,0,0:0:0:0:
448,192,50354,1,0,0:0:0:0:
64,192,50466,1,0,0:0:0:0:
192,192,50578,1,0,0:0:0:0:
320,192,50578,1,0,0:0:0:0:
448,192,50578,1,0,0:0:0:0:
192,192,50689,1,0,0:0:0:0:
320,192,50689,1,0,0:0:0:0:
448,192,50689,1,0,0:0:0:0:
192,192,50801,1,0,0:0:0:0:
320,192,50801,1,0,0:0:0:0:
448,192,50801,1,0,0:0:0:0:
192,192,50913,1,0,0:0:0:0:
320,192,50913,1,0,0:0:0:0:
448,192,50913,1,0,0:0:0:0:
64,192,51025,1,0,0:0:0:0:
192,192,51025,1,0,0:0:0:0:
320,192,51025,1,0,0:0:0:0:
448,192,51025,1,0,0:0:0:0:
64,192,51137,1,0,0:0:0:0:
192,192,51249,1,0,0:0:0:0:
320,192,51249,1,0,0:0:0:0:
448,192,51249,1,0,0:0:0:0:
320,192,51361,1,0,0:0:0:0:
64,192,51473,1,0,0:0:0:0:
192,192,51473,1,0,0:0:0:0:
320,192,51473,1,0,0:0:0:0:
448,192,51473,1,0,0:0:0:0:
192,192,51585,1,0,0:0:0:0:
64,192,51697,1,0,0:0:0:0:
320,192,51697,1,0,0:0:0:0:
448,192,51697,1,0,0:0:0:0:
192,192,51809,1,0,0:0:0:0:
320,192,51809,1,0,0:0:0:0:
64,192,51921,1,0,0:0:0:0:
192,192,51921,1,0,0:0:0:0:
320,192,51921,1,0,0:0:0:0:
448,192,51921,1,0,0:0:0:0:
448,192,52033,1,0,0:0:0:0:
64,192,52145,1,0,0:0:0:0:
320,192,52145,1,0,0:0:0:0:
448,192,52145,1,0,0:0:0:0:
192,192,52257,1,0,0:0:0:0:
64,192,52369,1,0,0:0:0:0:
320,192,52369,1,0,0:0:0:0:
448,192,52369,1,0,0:0:0:0:
64,192,52481,1,0,0:0:0:0:
320,192,52481,1,0,0:0:0:0:
448,192,52481,1,0,0:0:0:0:
64,192,52592,1,0,0:0:0:0:
320,192,52592,1,0,0:0:0:0:
448,192,52592,1,0,0:0:0:0:
64,192,52704,1,0,0:0:0:0:
320,192,52704,1,0,0:0:0:0:
448,192,52704,1,0,0:0:0:0:
64,192,52816,1,0,0:0:0:0:
192,192,52816,1,0,0:0:0:0:
320,192,52816,1,0,0:0:0:0:
448,192,52816,1,0,0:0:0:0:
192,192,52928,1,0,0:0:0:0:
64,192,53040,1,0,0:0:0:0:
192,192,53040,1,0,0:0:0:0:
320,192,53040,1,0,0:0:0:0:
448,192,53152,1,0,0:0:0:0:
64,192,53264,1,0,0:0:0:0:
192,192,53264,1,0,0:0:0:0:
320,192,53264,1,0,0:0:0:0:
448,192,53264,1,0,0:0:0:0:
320,192,53376,1,0,0:0:0:0:
64,192,53488,1,0,0:0:0:0:
192,192,53488,1,0,0:0:0:0:
320,192,53600,1,0,0:0:0:0:
448,192,53600,1,0,0:0:0:0:
64,192,53712,1,0,0:0:0:0:
192,192,53712,1,0,0:0:0:0:
320,192,53712,1,0,0:0:0:0:
448,192,53712,1,0,0:0:0:0:
192,192,53824,1,0,0:0:0:0:
64,192,53936,1,0,0:0:0:0:
320,192,53936,1,0,0:0:0:0:
448,192,53936,1,0,0:0:0:0:
448,192,54048,1,0,0:0:0:0:
64,192,54160,1,0,0:0:0:0:
192,192,54160,1,0,0:0:0:0:
320,192,54160,1,0,0:0:0:0:
64,192,54272,1,0,0:0:0:0:
192,192,54272,1,0,0:0:0:0:
320,192,54272,1,0,0:0:0:0:
64,192,54384,1,0,0:0:0:0:
192,192,54384,1,0,0:0:0:0:
320,192,54384,1,0,0:0:0:0:
64,192,54495,1,0,0:0:0:0:
192,192,54495,1,0,0:0:0:0:
320,192,54495,1,0,0:0:0:0:
64,192,54607,1,0,0:0:0:0:
192,192,54607,1,0,0:0:0:0:
320,192,54607,1,0,0:0:0:0:
448,192,54607,1,0,0:0:0:0:
448,192,54719,1,0,0:0:0:0:
64,192,54831,1,0,0:0:0:0:
192,192,54831,1,0,0:0:0:0:
448,192,54831,1,0,0:0:0:0:
320,192,54943,1,0,0:0:0:0:
64,192,55055,1,0,0:0:0:0:
192,192,55055,1,0,0:0:0:0:
320,192,55055,1,0,0:0:0:0:
448,192,55055,1,0,0:0:0:0:
192,192,55167,1,0,0:0:0:0:
320,192,55279,1,0,0:0:0:0:
448,192,55279,1,0,0:0:0:0:
64,192,55391,1,0,0:0:0:0:
192,192,55391,1,0,0:0:0:0:
448,192,55391,1,0,0:0:0:0:
64,192,55503,1,0,0:0:0:0:
192,192,55503,1,0,0:0:0:0:
320,192,55503,1,0,0:0:0:0:
448,192,55503,1,0,0:0:0:0:
320,192,55615,1,0,0:0:0:0:
64,192,55727,1,0,0:0:0:0:
192,192,55727,1,0,0:0:0:0:
448,192,55727,1,0,0:0:0:0:
320,192,55839,1,0,0:0:0:0:
192,192,55951,1,0,0:0:0:0:
320,192,55951,1,0,0:0:0:0:
448,192,55951,1,0,0:0:0:0:
192,192,56063,1,0,0:0:0:0:
320,192,56063,1,0,0:0:0:0:
448,192,56063,1,0,0:0:0:0:
192,192,56175,1,0,0:0:0:0:
320,192,56175,1,0,0:0:0:0:
448,192,56175,1,0,0:0:0:0:
192,192,56287,1,0,0:0:0:0:
320,192,56287,1,0,0:0:0:0:
448,192,56287,1,0,0:0:0:0:
64,192,56398,1,0,0:0:0:0:
192,192,56398,1,0,0:0:0:0:
320,192,56398,1,0,0:0:0:0:
448,192,56398,1,0,0:0:0:0:
64,192,56510,1,0,0:0:0:0:
64,192,56622,1,0,0:0:0:0:
192,192,56622,1,0,0:0:0:0:
448,192,56622,1,0,0:0:0:0:
320,192,56734,1,0,0:0:0:0:
64,192,56846,1,0,0:0:0:0:
192,192,56846,1,0,0:0:0:0:
320,192,56846,1,0,0:0:0:0:
448,192,56846,1,0,0:0:0:0:
64,192,56958,1,0,0:0:0:0:
192,192,57070,1,0,0:0:0:0:
448,192,57070,1,0,0:0:0:0:
320,192,57182,1,0,0:0:0:0:
448,192,57182,1,0,0:0:0:0:
64,192,57294,1,0,0:0:0:0:
192,192,57294,1,0,0:0:0:0:
320,192,57294,1,0,0:0:0:0:
448,192,57294,1,0,0:0:0:0:
192,192,57406,1,0,0:0:0:0:
64,192,57518,1,0,0:0:0:0:
320,192,57518,1,0,0:0:0:0:
448,192,57518,1,0,0:0:0:0:
320,192,57630,1,0,0:0:0:0:
64,192,57742,1,0,0:0:0:0:
192,192,57742,1,0,0:0:0:0:
448,192,57742,1,0,0:0:0:0:
64,192,57854,1,0,0:0:0:0:
192,192,57854,1,0,0:0:0:0:
448,192,57854,1,0,0:0:0:0:
64,192,57966,1,0,0:0:0:0:
192,192,57966,1,0,0:0:0:0:
448,192,57966,1,0,0:0:0:0:
64,192,58078,1,0,0:0:0:0:
192,192,58078,1,0,0:0:0:0:
448,192,58078,1,0,0:0:0:0:
64,192,58189,1,0,0:0:0:0:
192,192,58189,1,0,0:0:0:0:
320,192,58189,1,0,0:0:0:0:
448,192,58189,1,0,0:0:0:0:
320,192,58301,1,0,0:0:0:0:
192,192,58413,1,0,0:0:0:0:
320,192,58413,1,0,0:0:0:0:
448,192,58413,1,0,0:0:0:0:
64,192,58525,1,0,0:0:0:0:
64,192,58637,1,0,0:0:0:0:
192,192,58637,1,0,0:0:0:0:
320,192,58637,1,0,0:0:0:0:
448,192,58637,1,0,0:0:0:0:
448,192,58749,1,0,0:0:0:0:
64,192,58861,1,0,0:0:0:0:
192,192,58861,1,0,0:0:0:0:
320,192,58861,1,0,0:0:0:0:
192,192,58973,1,0,0:0:0:0:
320,192,58973,1,0,0:0:0:0:
448,192,58973,1,0,0:0:0:0:
64,192,59085,1,0,0:0:0:0:
192,192,59085,1,0,0:0:0:0:
320,192,59085,1,0,0:0:0:0:
448,192,59085,1,0,0:0:0:0:
448,192,59197,1,0,0:0:0:0:
448,192,59309,1,0,0:0:0:0:
448,192,59421,1,0,0:0:0:0:
192,192,59533,1,0,0:0:0:0:
320,192,59533,1,0,0:0:0:0:
448,192,59533,1,0,0:0:0:0:
448,192,59645,1,0,0:0:0:0:
448,192,59757,1,0,0:0:0:0:
448,192,59869,1,0,0:0:0:0:
64,192,59981,1,0,0:0:0:0:
320,192,59981,1,0,0:0:0:0:
448,192,59981,1,0,0:0:0:0:
448,192,60092,1,0,0:0:0:0:
320,192,60204,1,0,0:0:0:0:
448,192,60204,1,0,0:0:0:0:
448,192,60316,1,0,0:0:0:0:
192,192,60428,1,0,0:0:0:0:
320,192,60428,1,0,0:0:0:0:
448,192,60428,1,0,0:0:0:0:
448,192,60540,1,0,0:0:0:0:
64,192,60652,1,0,0:0:0:0:
448,192,60652,1,0,0:0:0:0:
448,192,60764,1,0,0:0:0:0:
64,192,60876,1,0,0:0:0:0:
192,192,60876,1,0,0:0:0:0:
320,192,60876,1,0,0:0:0:0:
320,192,60988,1,0,0:0:0:0:
320,192,61100,1,0,0:0:0:0:
448,192,61100,1,0,0:0:0:0:
320,192,61212,1,0,0:0:0:0:
64,192,61324,1,0,0:0:0:0:
192,192,61324,1,0,0:0:0:0:
320,192,61324,1,0,0:0:0:0:
320,192,61436,1,0,0:0:0:0:
192,192,61548,1,0,0:0:0:0:
320,192,61548,1,0,0:0:0:0:
320,192,61660,1,0,0:0:0:0:
64,192,61772,1,0,0:0:0:0:
320,192,61772,1,0,0:0:0:0:
320,192,61884,1,0,0:0:0:0:
192,192,61995,1,0,0:0:0:0:
320,192,61995,1,0,0:0:0:0:
320,192,62107,1,0,0:0:0:0:
64,192,62219,1,0,0:0:0:0:
320,192,62219,1,0,0:0:0:0:
448,192,62219,1,0,0:0:0:0:
320,192,62331,1,0,0:0:0:0:
64,192,62443,1,0,0:0:0:0:
320,192,62443,1,0,0:0:0:0:
320,192,62555,1,0,0:0:0:0:
64,192,62667,1,0,0:0:0:0:
192,192,62667,1,0,0:0:0:0:
448,192,62667,1,0,0:0:0:0:
192,192,62779,1,0,0:0:0:0:
192,192,62891,1,0,0:0:0:0:
448,192,62891,1,0,0:0:0:0:
192,192,63003,1,0,0:0:0:0:
64,192,63115,1,0,0:0:0:0:
192,192,63115,1,0,0:0:0:0:
448,192,63115,1,0,0:0:0:0:
192,192,63227,1,0,0:0:0:0:
192,192,63339,1,0,0:0:0:0:
192,192,63451,1,0,0:0:0:0:
192,192,63563,1,0,0:0:0:0:
320,192,63563,1,0,0:0:0:0:
192,192,63675,1,0,0:0:0:0:
192,192,63787,1,0,0:0:0:0:
192,192,63898,1,0,0:0:0:0:
64,192,64010,1,0,0:0:0:0:
192,192,64010,1,0,0:0:0:0:
448,192,64010,1,0,0:0:0:0:
192,192,64122,1,0,0:0:0:0:
192,192,64234,1,0,0:0:0:0:
192,192,64346,1,0,0:0:0:0:
64,192,64458,1,0,0:0:0:0:
448,192,64458,1,0,0:0:0:0:
64,192,65130,1,0,0:0:0:0:
320,192,65130,1,0,0:0:0:0:
320,192,65578,1,0,0:0:0:0:
448,192,65578,1,0,0:0:0:0:
64,192,66249,1,0,0:0:0:0:
320,192,66249,1,0,0:0:0:0:
448,192,66249,1,0,0:0:0:0:
448,192,66361,1,0,0:0:0:0:
448,192,66473,1,0,0:0:0:0:
448,192,66585,1,0,0:0:0:0:
192,192,66697,1,0,0:0:0:0:
320,192,66697,1,0,0:0:0:0:
448,192,66697,1,0,0:0:0:0:
448,192,66809,1,0,0:0:0:0:
448,192,66921,1,0,0:0:0:0:
448,192,67033,1,0,0:0:0:0:
64,192,67145,1,0,0:0:0:0:
448,192,67145,1,0,0:0:0:0:
448,192,67257,1,0,0:0:0:0:
320,192,67369,1,0,0:0:0:0:
448,192,67369,1,0,0:0:0:0:
448,192,67481,1,0,0:0:0:0:
192,192,67592,1,0,0:0:0:0:
448,192,67592,1,0,0:0:0:0:
448,192,67704,1,0,0:0:0:0:
64,192,67816,1,0,0:0:0:0:
448,192,67816,1,0,0:0:0:0:
448,192,67928,1,0,0:0:0:0:
64,192,68040,1,0,0:0:0:0:
192,192,68040,1,0,0:0:0:0:
320,192,68040,1,0,0:0:0:0:
320,192,68152,1,0,0:0:0:0:
320,192,68264,1,0,0:0:0:0:
448,192,68264,1,0,0:0:0:0:
320,192,68376,1,0,0:0:0:0:
64,192,68488,1,0,0:0:0:0:
320,192,68488,1,0,0:0:0:0:
448,192,68488,1,0,0:0:0:0:
320,192,68600,1,0,0:0:0:0:
192,192,68712,1,0,0:0:0:0:
320,192,68712,1,0,0:0:0:0:
320,192,68824,1,0,0:0:0:0:
64,192,68936,1,0,0:0:0:0:
320,192,68936,1,0,0:0:0:0:
320,192,69048,1,0,0:0:0:0:
64,192,69160,1,0,0:0:0:0:
320,192,69160,1,0,0:0:0:0:
320,192,69272,1,0,0:0:0:0:
192,192,69384,1,0,0:0:0:0:
320,192,69384,1,0,0:0:0:0:
448,192,69384,1,0,0:0:0:0:
320,192,69495,1,0,0:0:0:0:
64,192,69607,1,0,0:0:0:0:
320,192,69607,1,0,0:0:0:0:
320,192,69719,1,0,0:0:0:0:
64,192,69831,1,0,0:0:0:0:
192,192,69831,1,0,0:0:0:0:
448,192,69831,1,0,0:0:0:0:
192,192,69943,1,0,0:0:0:0:
192,192,70055,1,0,0:0:0:0:
320,192,70055,1,0,0:0:0:0:
192,192,70167,1,0,0:0:0:0:
64,192,70279,1,0,0:0:0:0:
192,192,70279,1,0,0:0:0:0:
448,192,70279,1,0,0:0:0:0:
192,192,70391,1,0,0:0:0:0:
192,192,70503,1,0,0:0:0:0:
192,192,70615,1,0,0:0:0:0:
192,192,70727,1,0,0:0:0:0:
448,192,70727,1,0,0:0:0:0:
192,192,70839,1,0,0:0:0:0:
192,192,70951,1,0,0:0:0:0:
192,192,71063,1,0,0:0:0:0:
192,192,71175,1,0,0:0:0:0:
320,192,71175,1,0,0:0:0:0:
448,192,71175,1,0,0:0:0:0:
192,192,71287,1,0,0:0:0:0:
192,192,71398,1,0,0:0:0:0:
192,192,71510,1,0,0:0:0:0:
192,192,71622,1,0,0:0:0:0:
320,192,71622,1,0,0:0:0:0:
64,0,71622,128,0,71734:1:0:0:0:
448,0,71622,128,0,71734:1:0:0:0:
64,192,73413,1,0,0:0:0:0:
192,192,73525,1,0,0:0:0:0:
320,192,73637,1,0,0:0:0:0:
448,192,73749,1,0,0:0:0:0:
320,192,73861,1,0,0:0:0:0:
192,192,73973,1,0,0:0:0:0:
320,192,74085,1,0,0:0:0:0:
448,192,74197,1,0,0:0:0:0:
64,192,74309,1,0,0:0:0:0:
192,192,74309,1,0,0:0:0:0:
320,192,74421,1,0,0:0:0:0:
192,192,74533,1,0,0:0:0:0:
448,192,74533,1,0,0:0:0:0:
64,192,74757,1,0,0:0:0:0:
448,192,74757,1,0,0:0:0:0:
192,192,74981,1,0,0:0:0:0:
320,192,74981,1,0,0:0:0:0:
64,192,75204,1,0,0:0:0:0:
192,192,75204,1,0,0:0:0:0:
320,192,75204,1,0,0:0:0:0:
448,192,75204,1,0,0:0:0:0:
320,192,75428,1,0,0:0:0:0:
64,192,75652,1,0,0:0:0:0:
320,192,75876,1,0,0:0:0:0:
448,192,75876,1,0,0:0:0:0:
192,192,76100,1,0,0:0:0:0:
64,192,76324,1,0,0:0:0:0:
448,192,76324,1,0,0:0:0:0:
192,192,76548,1,0,0:0:0:0:
64,192,76772,1,0,0:0:0:0:
448,192,76772,1,0,0:0:0:0:
192,192,76884,1,0,0:0:0:0:
320,192,76884,1,0,0:0:0:0:
192,192,76995,1,0,0:0:0:0:
320,192,77219,1,0,0:0:0:0:
448,192,77219,1,0,0:0:0:0:
320,192,77443,1,0,0:0:0:0:
448,192,77443,1,0,0:0:0:0:
192,192,77667,1,0,0:0:0:0:
64,192,77891,1,0,0:0:0:0:
448,192,77891,1,0,0:0:0:0:
192,192,78115,1,0,0:0:0:0:
320,192,78115,1,0,0:0:0:0:
192,192,78339,1,0,0:0:0:0:
448,192,78339,1,0,0:0:0:0:
320,192,78563,1,0,0:0:0:0:
448,192,78563,1,0,0:0:0:0:
192,192,78675,1,0,0:0:0:0:
320,192,78675,1,0,0:0:0:0:
192,192,78787,1,0,0:0:0:0:
320,192,79010,1,0,0:0:0:0:
448,192,79010,1,0,0:0:0:0:
64,192,79234,1,0,0:0:0:0:
192,192,79458,1,0,0:0:0:0:
448,192,79458,1,0,0:0:0:0:
64,192,79682,1,0,0:0:0:0:
192,192,79906,1,0,0:0:0:0:
448,192,79906,1,0,0:0:0:0:
64,192,80130,1,0,0:0:0:0:
192,192,80354,1,0,0:0:0:0:
320,192,80354,1,0,0:0:0:0:
64,192,80466,1,0,0:0:0:0:
192,192,80466,1,0,0:0:0:0:
320,192,80578,1,0,0:0:0:0:
192,192,80801,1,0,0:0:0:0:
320,192,80801,1,0,0:0:0:0:
64,192,81025,1,0,0:0:0:0:
448,192,81025,1,0,0:0:0:0:
64,192,81249,1,0,0:0:0:0:
192,192,81249,1,0,0:0:0:0:
64,192,81473,1,0,0:0:0:0:
192,192,81473,1,0,0:0:0:0:
192,192,81697,1,0,0:0:0:0:
320,192,81697,1,0,0:0:0:0:
192,192,81921,1,0,0:0:0:0:
448,192,81921,1,0,0:0:0:0:
320,192,82145,1,0,0:0:0:0:
448,192,82145,1,0,0:0:0:0:
192,192,82257,1,0,0:0:0:0:
320,192,82257,1,0,0:0:0:0:
64,192,82369,1,0,0:0:0:0:
64,192,82592,1,0,0:0:0:0:
192,192,82592,1,0,0:0:0:0:
64,192,82816,1,0,0:0:0:0:
192,192,82816,1,0,0:0:0:0:
192,192,83040,1,0,0:0:0:0:
448,192,83040,1,0,0:0:0:0:
320,192,83264,1,0,0:0:0:0:
448,192,83264,1,0,0:0:0:0:
64,192,83488,1,0,0:0:0:0:
448,192,83488,1,0,0:0:0:0:
192,192,83712,1,0,0:0:0:0:
448,192,83712,1,0,0:0:0:0:
320,192,83936,1,0,0:0:0:0:
448,192,83936,1,0,0:0:0:0:
64,192,84048,1,0,0:0:0:0:
448,192,84048,1,0,0:0:0:0:
192,192,84160,1,0,0:0:0:0:
320,192,84384,1,0,0:0:0:0:
448,192,84384,1,0,0:0:0:0:
192,192,84607,1,0,0:0:0:0:
192,192,84831,1,0,0:0:0:0:
448,192,84831,1,0,0:0:0:0:
192,192,85055,1,0,0:0:0:0:
64,192,85279,1,0,0:0:0:0:
320,192,85279,1,0,0:0:0:0:
64,192,85503,1,0,0:0:0:0:
320,192,85727,1,0,0:0:0:0:
448,192,85727,1,0,0:0:0:0:
192,192,85839,1,0,0:0:0:0:
320,192,85839,1,0,0:0:0:0:
192,192,85951,1,0,0:0:0:0:
64,192,86175,1,0,0:0:0:0:
192,192,86175,1,0,0:0:0:0:
320,192,86398,1,0,0:0:0:0:
64,192,86622,1,0,0:0:0:0:
192,192,86622,1,0,0:0:0:0:
320,192,86846,1,0,0:0:0:0:
64,192,87070,1,0,0:0:0:0:
320,192,87070,1,0,0:0:0:0:
320,192,87294,1,0,0:0:0:0:
192,192,87518,1,0,0:0:0:0:
448,192,87518,1,0,0:0:0:0:
64,192,87630,1,0,0:0:0:0:
320,192,87630,1,0,0:0:0:0:
320,192,87742,1,0,0:0:0:0:
64,192,88189,1,0,0:0:0:0:
192,192,88189,1,0,0:0:0:0:
320,192,88189,1,0,0:0:0:0:
448,192,88189,1,0,0:0:0:0:
64,192,88637,1,0,0:0:0:0:
192,192,88637,1,0,0:0:0:0:
320,192,88637,1,0,0:0:0:0:
448,192,88637,1,0,0:0:0:0:
320,192,88749,1,0,0:0:0:0:
448,192,88749,1,0,0:0:0:0:
64,192,88861,1,0,0:0:0:0:
192,192,88861,1,0,0:0:0:0:
448,192,88861,1,0,0:0:0:0:
192,192,88973,1,0,0:0:0:0:
320,192,88973,1,0,0:0:0:0:
64,192,89085,1,0,0:0:0:0:
192,192,89085,1,0,0:0:0:0:
320,192,89085,1,0,0:0:0:0:
448,192,89085,1,0,0:0:0:0:
64,192,89197,1,0,0:0:0:0:
320,192,89197,1,0,0:0:0:0:
192,192,89309,1,0,0:0:0:0:
320,192,89309,1,0,0:0:0:0:
448,192,89309,1,0,0:0:0:0:
64,192,89421,1,0,0:0:0:0:
192,192,89421,1,0,0:0:0:0:
448,192,89421,1,0,0:0:0:0:
64,192,89533,1,0,0:0:0:0:
192,192,89533,1,0,0:0:0:0:
320,192,89533,1,0,0:0:0:0:
448,192,89533,1,0,0:0:0:0:
320,192,89645,1,0,0:0:0:0:
448,192,89645,1,0,0:0:0:0:
64,192,89757,1,0,0:0:0:0:
192,192,89757,1,0,0:0:0:0:
192,192,89869,1,0,0:0:0:0:
448,192,89869,1,0,0:0:0:0:
64,192,89981,1,0,0:0:0:0:
192,192,89981,1,0,0:0:0:0:
320,192,89981,1,0,0:0:0:0:
448,192,89981,1,0,0:0:0:0:
64,192,90092,1,0,0:0:0:0:
320,192,90092,1,0,0:0:0:0:
192,192,90204,1,0,0:0:0:0:
320,192,90204,1,0,0:0:0:0:
448,192,90204,1,0,0:0:0:0:
64,192,90316,1,0,0:0:0:0:
448,192,90316,1,0,0:0:0:0:
64,192,90428,1,0,0:0:0:0:
192,192,90428,1,0,0:0:0:0:
320,192,90428,1,0,0:0:0:0:
448,192,90428,1,0,0:0:0:0:
192,192,90540,1,0,0:0:0:0:
320,192,90540,1,0,0:0:0:0:
64,192,90652,1,0,0:0:0:0:
192,192,90652,1,0,0:0:0:0:
448,192,90652,1,0,0:0:0:0:
320,192,90764,1,0,0:0:0:0:
448,192,90764,1,0,0:0:0:0:
64,192,90876,1,0,0:0:0:0:
192,192,90876,1,0,0:0:0:0:
320,192,90876,1,0,0:0:0:0:
448,192,90876,1,0,0:0:0:0:
64,192,90988,1,0,0:0:0:0:
192,192,90988,1,0,0:0:0:0:
320,192,91100,1,0,0:0:0:0:
448,192,91100,1,0,0:0:0:0:
64,192,91212,1,0,0:0:0:0:
192,192,91212,1,0,0:0:0:0:
448,192,91212,1,0,0:0:0:0:
64,192,91324,1,0,0:0:0:0:
192,192,91324,1,0,0:0:0:0:
320,192,91324,1,0,0:0:0:0:
448,192,91324,1,0,0:0:0:0:
192,192,91436,1,0,0:0:0:0:
320,192,91436,1,0,0:0:0:0:
64,192,91548,1,0,0:0:0:0:
320,192,91548,1,0,0:0:0:0:
448,192,91548,1,0,0:0:0:0:
192,192,91660,1,0,0:0:0:0:
448,192,91660,1,0,0:0:0:0:
64,192,91772,1,0,0:0:0:0:
192,192,91772,1,0,0:0:0:0:
320,192,91772,1,0,0:0:0:0:
448,192,91772,1,0,0:0:0:0:
64,192,91884,1,0,0:0:0:0:
320,192,91884,1,0,0:0:0:0:
64,192,91995,1,0,0:0:0:0:
448,192,91995,1,0,0:0:0:0:
192,192,92107,1,0,0:0:0:0:
320,192,92107,1,0,0:0:0:0:
64,192,92219,1,0,0:0:0:0:
192,192,92219,1,0,0:0:0:0:
320,192,92219,1,0,0:0:0:0:
448,192,92219,1,0,0:0:0:0:
64,192,92331,1,0,0:0:0:0:
448,192,92331,1,0,0:0:0:0:
192,192,92443,1,0,0:0:0:0:
320,192,92443,1,0,0:0:0:0:
448,192,92443,1,0,0:0:0:0:
64,192,92555,1,0,0:0:0:0:
320,192,92555,1,0,0:0:0:0:
64,192,92667,1,0,0:0:0:0:
192,192,92667,1,0,0:0:0:0:
320,192,92667,1,0,0:0:0:0:
448,192,92667,1,0,0:0:0:0:
320,192,92779,1,0,0:0:0:0:
448,192,92779,1,0,0:0:0:0:
64,192,92891,1,0,0:0:0:0:
192,192,92891,1,0,0:0:0:0:
448,192,92891,1,0,0:0:0:0:
64,192,93003,1,0,0:0:0:0:
192,192,93003,1,0,0:0:0:0:
320,192,93003,1,0,0:0:0:0:
64,192,93115,1,0,0:0:0:0:
192,192,93115,1,0,0:0:0:0:
320,192,93115,1,0,0:0:0:0:
448,192,93115,1,0,0:0:0:0:
320,192,93227,1,0,0:0:0:0:
448,192,93227,1,0,0:0:0:0:
64,192,93339,1,0,0:0:0:0:
192,192,93339,1,0,0:0:0:0:
448,192,93339,1,0,0:0:0:0:
64,192,93451,1,0,0:0:0:0:
320,192,93451,1,0,0:0:0:0:
64,192,93563,1,0,0:0:0:0:
192,192,93563,1,0,0:0:0:0:
320,192,93563,1,0,0:0:0:0:
448,192,93563,1,0,0:0:0:0:
192,192,93675,1,0,0:0:0:0:
448,192,93675,1,0,0:0:0:0:
64,192,93787,1,0,0:0:0:0:
320,192,93787,1,0,0:0:0:0:
448,192,93787,1,0,0:0:0:0:
64,192,93898,1,0,0:0:0:0:
192,192,93898,1,0,0:0:0:0:
64,192,94010,1,0,0:0:0:0:
192,192,94010,1,0,0:0:0:0:
320,192,94010,1,0,0:0:0:0:
448,192,94010,1,0,0:0:0:0:
320,192,94122,1,0,0:0:0:0:
448,192,94122,1,0,0:0:0:0:
64,192,94234,1,0,0:0:0:0:
192,192,94234,1,0,0:0:0:0:
448,192,94234,1,0,0:0:0:0:
192,192,94346,1,0,0:0:0:0:
320,192,94346,1,0,0:0:0:0:
64,192,94458,1,0,0:0:0:0:
192,192,94458,1,0,0:0:0:0:
320,192,94458,1,0,0:0:0:0:
448,192,94458,1,0,0:0:0:0:
64,192,94570,1,0,0:0:0:0:
448,192,94570,1,0,0:0:0:0:
64,192,94682,1,0,0:0:0:0:
192,192,94682,1,0,0:0:0:0:
320,192,94682,1,0,0:0:0:0:
320,192,94794,1,0,0:0:0:0:
448,192,94794,1,0,0:0:0:0:
64,192,94906,1,0,0:0:0:0:
192,192,94906,1,0,0:0:0:0:
320,192,94906,1,0,0:0:0:0:
448,192,94906,1,0,0:0:0:0:
64,192,95018,1,0,0:0:0:0:
192,192,95018,1,0,0:0:0:0:
192,192,95130,1,0,0:0:0:0:
320,192,95130,1,0,0:0:0:0:
448,192,95130,1,0,0:0:0:0:
64,192,95242,1,0,0:0:0:0:
448,192,95242,1,0,0:0:0:0:
64,192,95354,1,0,0:0:0:0:
192,192,95354,1,0,0:0:0:0:
320,192,95354,1,0,0:0:0:0:
448,192,95354,1,0,0:0:0:0:
192,192,95466,1,0,0:0:0:0:
320,192,95466,1,0,0:0:0:0:
64,192,95578,1,0,0:0:0:0:
320,192,95578,1,0,0:0:0:0:
448,192,95578,1,0,0:0:0:0:
192,192,95689,1,0,0:0:0:0:
448,192,95689,1,0,0:0:0:0:
64,192,95801,1,0,0:0:0:0:
192,192,95801,1,0,0:0:0:0:
320,192,95801,1,0,0:0:0:0:
448,192,95801,1,0,0:0:0:0:
320,192,95913,1,0,0:0:0:0:
448,192,95913,1,0,0:0:0:0:
64,192,96025,1,0,0:0:0:0:
192,192,96025,1,0,0:0:0:0:
320,192,96025,1,0,0:0:0:0:
192,192,96137,1,0,0:0:0:0:
448,192,96137,1,0,0:0:0:0:
64,192,96249,1,0,0:0:0:0:
192,192,96249,1,0,0:0:0:0:
320,192,96249,1,0,0:0:0:0:
448,192,96249,1,0,0:0:0:0:
64,192,96361,1,0,0:0:0:0:
320,192,96361,1,0,0:0:0:0:
64,192,96473,1,0,0:0:0:0:
192,192,96473,1,0,0:0:0:0:
448,192,96473,1,0,0:0:0:0:
320,192,96585,1,0,0:0:0:0:
448,192,96585,1,0,0:0:0:0:
64,192,96697,1,0,0:0:0:0:
192,192,96697,1,0,0:0:0:0:
320,192,96697,1,0,0:0:0:0:
448,192,96697,1,0,0:0:0:0:
64,192,96809,1,0,0:0:0:0:
192,192,96809,1,0,0:0:0:0:
192,192,96921,1,0,0:0:0:0:
448,192,96921,1,0,0:0:0:0:
64,192,97033,1,0,0:0:0:0:
320,192,97033,1,0,0:0:0:0:
64,192,97145,1,0,0:0:0:0:
192,192,97145,1,0,0:0:0:0:
320,192,97145,1,0,0:0:0:0:
448,192,97145,1,0,0:0:0:0:
192,192,97257,1,0,0:0:0:0:
448,192,97257,1,0,0:0:0:0:
64,192,97369,1,0,0:0:0:0:
320,192,97369,1,0,0:0:0:0:
448,192,97369,1,0,0:0:0:0:
192,192,97481,1,0,0:0:0:0:
320,192,97481,1,0,0:0:0:0:
64,192,97592,1,0,0:0:0:0:
192,192,97592,1,0,0:0:0:0:
320,192,97592,1,0,0:0:0:0:
448,192,97592,1,0,0:0:0:0:
64,192,97704,1,0,0:0:0:0:
192,192,97704,1,0,0:0:0:0:
64,192,97816,1,0,0:0:0:0:
320,192,97816,1,0,0:0:0:0:
448,192,97816,1,0,0:0:0:0:
192,192,97928,1,0,0:0:0:0:
448,192,97928,1,0,0:0:0:0:
64,192,98040,1,0,0:0:0:0:
192,192,98040,1,0,0:0:0:0:
320,192,98040,1,0,0:0:0:0:
448,192,98040,1,0,0:0:0:0:
64,192,98152,1,0,0:0:0:0:
320,192,98152,1,0,0:0:0:0:
192,192,98264,1,0,0:0:0:0:
320,192,98264,1,0,0:0:0:0:
448,192,98264,1,0,0:0:0:0:
64,192,98376,1,0,0:0:0:0:
192,192,98376,1,0,0:0:0:0:
448,192,98376,1,0,0:0:0:0:
64,192,98488,1,0,0:0:0:0:
192,192,98488,1,0,0:0:0:0:
320,192,98488,1,0,0:0:0:0:
448,192,98488,1,0,0:0:0:0:
192,192,98600,1,0,0:0:0:0:
320,192,98600,1,0,0:0:0:0:
64,192,98712,1,0,0:0:0:0:
320,192,98712,1,0,0:0:0:0:
448,192,98712,1,0,0:0:0:0:
64,192,98824,1,0,0:0:0:0:
192,192,98824,1,0,0:0:0:0:
64,192,98936,1,0,0:0:0:0:
192,192,98936,1,0,0:0:0:0:
320,192,98936,1,0,0:0:0:0:
448,192,98936,1,0,0:0:0:0:
320,192,99048,1,0,0:0:0:0:
448,192,99048,1,0,0:0:0:0:
64,192,99160,1,0,0:0:0:0:
192,192,99160,1,0,0:0:0:0:
320,192,99160,1,0,0:0:0:0:
64,192,99272,1,0,0:0:0:0:
448,192,99272,1,0,0:0:0:0:
64,192,99384,1,0,0:0:0:0:
192,192,99384,1,0,0:0:0:0:
320,192,99384,1,0,0:0:0:0:
448,192,99384,1,0,0:0:0:0:
192,192,99495,1,0,0:0:0:0:
320,192,99495,1,0,0:0:0:0:
64,192,99607,1,0,0:0:0:0:
192,192,99607,1,0,0:0:0:0:
448,192,99607,1,0,0:0:0:0:
320,192,99719,1,0,0:0:0:0:
448,192,99719,1,0,0:0:0:0:
64,192,99831,1,0,0:0:0:0:
192,192,99831,1,0,0:0:0:0:
320,192,99831,1,0,0:0:0:0:
448,192,99831,1,0,0:0:0:0:
64,192,99943,1,0,0:0:0:0:
192,192,99943,1,0,0:0:0:0:
64,192,100055,1,0,0:0:0:0:
192,192,100055,1,0,0:0:0:0:
320,192,100055,1,0,0:0:0:0:
64,192,100167,1,0,0:0:0:0:
320,192,100167,1,0,0:0:0:0:
448,192,100167,1,0,0:0:0:0:
64,192,100279,1,0,0:0:0:0:
192,192,100279,1,0,0:0:0:0:
320,192,100279,1,0,0:0:0:0:
448,192,100279,1,0,0:0:0:0:
192,192,100391,1,0,0:0:0:0:
448,192,100391,1,0,0:0:0:0:
64,192,100503,1,0,0:0:0:0:
320,192,100503,1,0,0:0:0:0:
448,192,100503,1,0,0:0:0:0:
64,192,100615,1,0,0:0:0:0:
192,192,100615,1,0,0:0:0:0:
64,192,100727,1,0,0:0:0:0:
192,192,100727,1,0,0:0:0:0:
320,192,100727,1,0,0:0:0:0:
448,192,100727,1,0,0:0:0:0:
320,192,100839,1,0,0:0:0:0:
448,192,100839,1,0,0:0:0:0:
64,192,100951,1,0,0:0:0:0:
192,192,100951,1,0,0:0:0:0:
448,192,100951,1,0,0:0:0:0:
192,192,101063,1,0,0:0:0:0:
320,192,101063,1,0,0:0:0:0:
64,192,101175,1,0,0:0:0:0:
192,192,101175,1,0,0:0:0:0:
320,192,101175,1,0,0:0:0:0:
448,192,101175,1,0,0:0:0:0:
64,192,101287,1,0,0:0:0:0:
448,192,101287,1,0,0:0:0:0:
192,192,101398,1,0,0:0:0:0:
320,192,101398,1,0,0:0:0:0:
448,192,101398,1,0,0:0:0:0:
64,192,101510,1,0,0:0:0:0:
192,192,101510,1,0,0:0:0:0:
64,192,101622,1,0,0:0:0:0:
192,192,101622,1,0,0:0:0:0:
320,192,101622,1,0,0:0:0:0:
448,192,101622,1,0,0:0:0:0:
192,192,101734,1,0,0:0:0:0:
448,192,101734,1,0,0:0:0:0:
64,192,101846,1,0,0:0:0:0:
320,192,101846,1,0,0:0:0:0:
448,192,101846,1,0,0:0:0:0:
64,192,101958,1,0,0:0:0:0:
192,192,101958,1,0,0:0:0:0:
320,192,101958,1,0,0:0:0:0:
64,192,102070,1,0,0:0:0:0:
192,192,102070,1,0,0:0:0:0:
320,192,102070,1,0,0:0:0:0:
448,192,102070,1,0,0:0:0:0:
192,192,102182,1,0,0:0:0:0:
320,192,102182,1,0,0:0:0:0:
192,192,102742,1,0,0:0:0:0:
320,192,102742,1,0,0:0:0:0:
64,0,102742,128,0,102798:1:0:0:0:
448,0,102742,128,0,102798:1:0:0:0:
64,192,102854,1,0,0:0:0:0:
192,192,102854,1,0,0:0:0:0:
320,192,102854,1,0,0:0:0:0:
448,192,102854,1,0,0:0:0:0:
64,192,102966,1,0,0:0:0:0:
192,192,102966,1,0,0:0:0:0:
320,192,102966,1,0,0:0:0:0:
448,192,102966,1,0,0:0:0:0:
192,192,103078,1,0,0:0:0:0:
320,192,103078,1,0,0:0:0:0:
64,192,103189,1,0,0:0:0:0:
320,192,103189,1,0,0:0:0:0:
448,192,103189,1,0,0:0:0:0:
192,192,103301,1,0,0:0:0:0:
448,192,103301,1,0,0:0:0:0:
64,192,103413,1,0,0:0:0:0:
192,192,103413,1,0,0:0:0:0:
320,192,103413,1,0,0:0:0:0:
448,192,103413,1,0,0:0:0:0:
64,192,103525,1,0,0:0:0:0:
192,192,103525,1,0,0:0:0:0:
64,192,103637,1,0,0:0:0:0:
320,192,103637,1,0,0:0:0:0:
448,192,103637,1,0,0:0:0:0:
192,192,103749,1,0,0:0:0:0:
320,192,103749,1,0,0:0:0:0:
64,192,103861,1,0,0:0:0:0:
192,192,103861,1,0,0:0:0:0:
320,192,103861,1,0,0:0:0:0:
448,192,103861,1,0,0:0:0:0:
320,192,103973,1,0,0:0:0:0:
448,192,103973,1,0,0:0:0:0:
64,192,104085,1,0,0:0:0:0:
192,192,104085,1,0,0:0:0:0:
448,192,104085,1,0,0:0:0:0:
64,192,104197,1,0,0:0:0:0:
320,192,104197,1,0,0:0:0:0:
64,192,104309,1,0,0:0:0:0:
192,192,104309,1,0,0:0:0:0:
320,192,104309,1,0,0:0:0:0:
448,192,104309,1,0,0:0:0:0:
192,192,104421,1,0,0:0:0:0:
448,192,104421,1,0,0:0:0:0:
64,192,104533,1,0,0:0:0:0:
320,192,104533,1,0,0:0:0:0:
448,192,104533,1,0,0:0:0:0:
64,192,104645,1,0,0:0:0:0:
192,192,104645,1,0,0:0:0:0:
64,192,104757,1,0,0:0:0:0:
192,192,104757,1,0,0:0:0:0:
320,192,104757,1,0,0:0:0:0:
448,192,104757,1,0,0:0:0:0:
320,192,104869,1,0,0:0:0:0:
448,192,104869,1,0,0:0:0:0:
64,192,104981,1,0,0:0:0:0:
192,192,104981,1,0,0:0:0:0:
448,192,104981,1,0,0:0:0:0:
64,192,105092,1,0,0:0:0:0:
320,192,105092,1,0,0:0:0:0:
64,192,105204,1,0,0:0:0:0:
192,192,105204,1,0,0:0:0:0:
320,192,105204,1,0,0:0:0:0:
448,192,105204,1,0,0:0:0:0:
192,192,105316,1,0,0:0:0:0:
448,192,105316,1,0,0:0:0:0:
64,192,105428,1,0,0:0:0:0:
320,192,105428,1,0,0:0:0:0:
448,192,105428,1,0,0:0:0:0:
64,192,105540,1,0,0:0:0:0:
192,192,105540,1,0,0:0:0:0:
320,192,105540,1,0,0:0:0:0:
64,192,105652,1,0,0:0:0:0:
192,192,105652,1,0,0:0:0:0:
320,192,105652,1,0,0:0:0:0:
448,192,105652,1,0,0:0:0:0:
64,192,105764,1,0,0:0:0:0:
448,192,105764,1,0,0:0:0:0:
192,192,105876,1,0,0:0:0:0:
320,192,105876,1,0,0:0:0:0:
448,192,105876,1,0,0:0:0:0:
64,192,105988,1,0,0:0:0:0:
192,192,105988,1,0,0:0:0:0:
64,192,106100,1,0,0:0:0:0:
192,192,106100,1,0,0:0:0:0:
320,192,106100,1,0,0:0:0:0:
448,192,106100,1,0,0:0:0:0:
64,192,106212,1,0,0:0:0:0:
448,192,106212,1,0,0:0:0:0:
192,192,106324,1,0,0:0:0:0:
320,192,106324,1,0,0:0:0:0:
448,192,106324,1,0,0:0:0:0:
64,192,106436,1,0,0:0:0:0:
320,192,106436,1,0,0:0:0:0:
64,192,106548,1,0,0:0:0:0:
192,192,106548,1,0,0:0:0:0:
320,192,106548,1,0,0:0:0:0:
448,192,106548,1,0,0:0:0:0:
192,192,106660,1,0,0:0:0:0:
448,192,106660,1,0,0:0:0:0:
64,192,106772,1,0,0:0:0:0:
320,192,106772,1,0,0:0:0:0:
448,192,106772,1,0,0:0:0:0:
64,192,106884,1,0,0:0:0:0:
448,192,106884,1,0,0:0:0:0:
64,192,106995,1,0,0:0:0:0:
192,192,106995,1,0,0:0:0:0:
320,192,106995,1,0,0:0:0:0:
448,192,106995,1,0,0:0:0:0:
192,192,107107,1,0,0:0:0:0:
320,192,107107,1,0,0:0:0:0:
64,192,107219,1,0,0:0:0:0:
320,192,107219,1,0,0:0:0:0:
448,192,107219,1,0,0:0:0:0:
64,192,107331,1,0,0:0:0:0:
192,192,107331,1,0,0:0:0:0:
64,192,107443,1,0,0:0:0:0:
192,192,107443,1,0,0:0:0:0:
320,192,107443,1,0,0:0:0:0:
448,192,107443,1,0,0:0:0:0:
320,192,107555,1,0,0:0:0:0:
448,192,107555,1,0,0:0:0:0:
64,192,107667,1,0,0:0:0:0:
192,192,107667,1,0,0:0:0:0:
448,192,107667,1,0,0:0:0:0:
64,192,107779,1,0,0:0:0:0:
320,192,107779,1,0,0:0:0:0:
64,192,107891,1,0,0:0:0:0:
192,192,107891,1,0,0:0:0:0:
320,192,107891,1,0,0:0:0:0:
448,192,107891,1,0,0:0:0:0:
192,192,108003,1,0,0:0:0:0:
448,192,108003,1,0,0:0:0:0:
64,192,108115,1,0,0:0:0:0:
320,192,108115,1,0,0:0:0:0:
448,192,108115,1,0,0:0:0:0:
64,192,108227,1,0,0:0:0:0:
192,192,108227,1,0,0:0:0:0:
64,192,108339,1,0,0:0:0:0:
192,192,108339,1,0,0:0:0:0:
320,192,108339,1,0,0:0:0:0:
448,192,108339,1,0,0:0:0:0:
320,192,108451,1,0,0:0:0:0:
448,192,108451,1,0,0:0:0:0:
64,192,108563,1,0,0:0:0:0:
192,192,108563,1,0,0:0:0:0:
448,192,108563,1,0,0:0:0:0:
192,192,108675,1,0,0:0:0:0:
320,192,108675,1,0,0:0:0:0:
64,192,108787,1,0,0:0:0:0:
192,192,108787,1,0,0:0:0:0:
320,192,108787,1,0,0:0:0:0:
448,192,108787,1,0,0:0:0:0:
64,192,108898,1,0,0:0:0:0:
320,192,108898,1,0,0:0:0:0:
192,192,109010,1,0,0:0:0:0:
320,192,109010,1,0,0:0:0:0:
448,192,109010,1,0,0:0:0:0:
64,192,109122,1,0,0:0:0:0:
192,192,109122,1,0,0:0:0:0:
448,192,109122,1,0,0:0:0:0:
64,192,109234,1,0,0:0:0:0:
192,192,109234,1,0,0:0:0:0:
320,192,109234,1,0,0:0:0:0:
448,192,109234,1,0,0:0:0:0:
192,192,109346,1,0,0:0:0:0:
448,192,109346,1,0,0:0:0:0:
64,192,109458,1,0,0:0:0:0:
320,192,109458,1,0,0:0:0:0:
448,192,109458,1,0,0:0:0:0:
64,192,109570,1,0,0:0:0:0:
192,192,109570,1,0,0:0:0:0:
192,192,109682,1,0,0:0:0:0:
320,192,109682,1,0,0:0:0:0:
64,0,109682,128,0,109794:1:0:0:0:
448,0,109682,128,0,109794:1:0:0:0:
192,192,109794,1,0,0:0:0:0:
320,192,109794,1,0,0:0:0:0:
64,192,109906,1,0,0:0:0:0:
320,192,109906,1,0,0:0:0:0:
448,192,109906,1,0,0:0:0:0:
192,192,110018,1,0,0:0:0:0:
448,192,110018,1,0,0:0:0:0:
64,192,110130,1,0,0:0:0:0:
192,192,110130,1,0,0:0:0:0:
320,192,110130,1,0,0:0:0:0:
448,192,110130,1,0,0:0:0:0:
192,192,110242,1,0,0:0:0:0:
320,192,110242,1,0,0:0:0:0:
64,192,110354,1,0,0:0:0:0:
320,192,110354,1,0,0:0:0:0:
448,192,110354,1,0,0:0:0:0:
192,192,110466,1,0,0:0:0:0:
448,192,110466,1,0,0:0:0:0:
64,192,110578,1,0,0:0:0:0:
192,192,110578,1,0,0:0:0:0:
320,192,110578,1,0,0:0:0:0:
448,192,110578,1,0,0:0:0:0:
64,192,110689,1,0,0:0:0:0:
320,192,110689,1,0,0:0:0:0:
64,192,110801,1,0,0:0:0:0:
192,192,110801,1,0,0:0:0:0:
448,192,110801,1,0,0:0:0:0:
320,192,110913,1,0,0:0:0:0:
448,192,110913,1,0,0:0:0:0:
64,192,111025,1,0,0:0:0:0:
192,192,111025,1,0,0:0:0:0:
320,192,111025,1,0,0:0:0:0:
448,192,111025,1,0,0:0:0:0:
64,192,111137,1,0,0:0:0:0:
448,192,111137,1,0,0:0:0:0:
64,192,111249,1,0,0:0:0:0:
192,192,111249,1,0,0:0:0:0:
320,192,111249,1,0,0:0:0:0:
320,192,111361,1,0,0:0:0:0:
448,192,111361,1,0,0:0:0:0:
64,192,111473,1,0,0:0:0:0:
192,192,111473,1,0,0:0:0:0:
320,192,111473,1,0,0:0:0:0:
448,192,111473,1,0,0:0:0:0:
64,192,111585,1,0,0:0:0:0:
192,192,111585,1,0,0:0:0:0:
64,192,111697,1,0,0:0:0:0:
320,192,111697,1,0,0:0:0:0:
448,192,111697,1,0,0:0:0:0:
192,192,111809,1,0,0:0:0:0:
320,192,111809,1,0,0:0:0:0:
64,192,111921,1,0,0:0:0:0:
192,192,111921,1,0,0:0:0:0:
320,192,111921,1,0,0:0:0:0:
448,192,111921,1,0,0:0:0:0:
64,192,112033,1,0,0:0:0:0:
192,192,112033,1,0,0:0:0:0:
64,192,112145,1,0,0:0:0:0:
320,192,112145,1,0,0:0:0:0:
448,192,112145,1,0,0:0:0:0:
192,192,112257,1,0,0:0:0:0:
448,192,112257,1,0,0:0:0:0:
64,192,112369,1,0,0:0:0:0:
192,192,112369,1,0,0:0:0:0:
320,192,112369,1,0,0:0:0:0:
448,192,112369,1,0,0:0:0:0:
64,192,112481,1,0,0:0:0:0:
320,192,112481,1,0,0:0:0:0:
64,192,112592,1,0,0:0:0:0:
192,192,112592,1,0,0:0:0:0:
448,192,112592,1,0,0:0:0:0:
320,192,112704,1,0,0:0:0:0:
448,192,112704,1,0,0:0:0:0:
64,192,112816,1,0,0:0:0:0:
192,192,112816,1,0,0:0:0:0:
320,192,112816,1,0,0:0:0:0:
448,192,112816,1,0,0:0:0:0:
64,192,112928,1,0,0:0:0:0:
192,192,112928,1,0,0:0:0:0:
192,192,113040,1,0,0:0:0:0:
320,192,113040,1,0,0:0:0:0:
448,192,113040,1,0,0:0:0:0:
64,192,113152,1,0,0:0:0:0:
320,192,113152,1,0,0:0:0:0:
64,192,113264,1,0,0:0:0:0:
192,192,113264,1,0,0:0:0:0:
320,192,113264,1,0,0:0:0:0:
448,192,113264,1,0,0:0:0:0:
192,192,113376,1,0,0:0:0:0:
448,192,113376,1,0,0:0:0:0:
64,192,113488,1,0,0:0:0:0:
320,192,113488,1,0,0:0:0:0:
448,192,113488,1,0,0:0:0:0:
192,192,113600,1,0,0:0:0:0:
320,192,113600,1,0,0:0:0:0:
64,192,113712,1,0,0:0:0:0:
192,192,113712,1,0,0:0:0:0:
320,192,113712,1,0,0:0:0:0:
448,192,113712,1,0,0:0:0:0:
64,192,113824,1,0,0:0:0:0:
192,192,113824,1,0,0:0:0:0:
64,192,113936,1,0,0:0:0:0:
320,192,113936,1,0,0:0:0:0:
448,192,113936,1,0,0:0:0:0:
192,192,114048,1,0,0:0:0:0:
448,192,114048,1,0,0:0:0:0:
64,192,114160,1,0,0:0:0:0:
192,192,114160,1,0,0:0:0:0:
320,192,114160,1,0,0:0:0:0:
448,192,114160,1,0,0:0:0:0:
320,192,114272,1,0,0:0:0:0:
448,192,114272,1,0,0:0:0:0:
64,192,114384,1,0,0:0:0:0:
192,192,114384,1,0,0:0:0:0:
320,192,114384,1,0,0:0:0:0:
192,192,114495,1,0,0:0:0:0:
448,192,114495,1,0,0:0:0:0:
64,192,114607,1,0,0:0:0:0:
192,192,114607,1,0,0:0:0:0:
320,192,114607,1,0,0:0:0:0:
448,192,114607,1,0,0:0:0:0:
64,192,114719,1,0,0:0:0:0:
320,192,114719,1,0,0:0:0:0:
64,192,114831,1,0,0:0:0:0:
192,192,114831,1,0,0:0:0:0:
448,192,114831,1,0,0:0:0:0:
320,192,114943,1,0,0:0:0:0:
448,192,114943,1,0,0:0:0:0:
64,192,115055,1,0,0:0:0:0:
192,192,115055,1,0,0:0:0:0:
320,192,115055,1,0,0:0:0:0:
448,192,115055,1,0,0:0:0:0:
192,192,115167,1,0,0:0:0:0:
448,192,115167,1,0,0:0:0:0:
64,192,115279,1,0,0:0:0:0:
320,192,115279,1,0,0:0:0:0:
448,192,115279,1,0,0:0:0:0:
192,192,115391,1,0,0:0:0:0:
320,192,115391,1,0,0:0:0:0:
64,192,115503,1,0,0:0:0:0:
192,192,115503,1,0,0:0:0:0:
320,192,115503,1,0,0:0:0:0:
448,192,115503,1,0,0:0:0:0:
320,192,115615,1,0,0:0:0:0:
448,192,115615,1,0,0:0:0:0:
64,192,115727,1,0,0:0:0:0:
192,192,115727,1,0,0:0:0:0:
448,192,115727,1,0,0:0:0:0:
192,192,115839,1,0,0:0:0:0:
320,192,115839,1,0,0:0:0:0:
64,192,115951,1,0,0:0:0:0:
192,192,115951,1,0,0:0:0:0:
320,192,115951,1,0,0:0:0:0:
448,192,115951,1,0,0:0:0:0:
64,192,116063,1,0,0:0:0:0:
192,192,116063,1,0,0:0:0:0:
448,192,116063,1,0,0:0:0:0:
64,192,116175,1,0,0:0:0:0:
320,192,116175,1,0,0:0:0:0:
448,192,116175,1,0,0:0:0:0:
64,192,116287,1,0,0:0:0:0:
192,192,116287,1,0,0:0:0:0:
448,192,116287,1,0,0:0:0:0:
192,192,116398,1,0,0:0:0:0:
320,192,116398,1,0,0:0:0:0:
64,0,116398,128,0,116510:1:0:0:0:
448,0,116398,128,0,116510:1:0:0:0:
